     #id length gc_rate
     1    66   51.52
     2  2463   53.07
     3   933   56.27
     4  1287   52.84
     5   297   53.87
     6   954   51.99
     7   588   54.42
     8   591   50.59
     9  1917   51.12
    10  1131   55.17
    11  1113   51.93
    12  1167   51.41
    13   906   47.46
    14   219   48.86
    15   942   53.61
    16  2817   55.77
    17   495   53.54
    18   450   54.44
    19   951   55.10
    20   915   56.28
    21   822   53.41
    22  1149   53.35
    23  3222   56.27
    24   501   43.51
    25   807   52.04
    26   942   56.69
    27  1287   54.93
    28   288   56.94
    29  1332   53.30
    30   531   54.61
    31  1863   55.50
    32   480   52.71
    33   816   52.70
    34   651   45.16
    35   159   33.96
    36   879   52.56
    37   765   53.86
    38  1179   48.43
    39  1122   43.76
    40  1815   52.51
    41   492   50.20
    42    87   44.83
    43  1005   54.93
    44   459   52.07
    45   942   55.20
    46   366   50.27
    47  1767   53.99
    48  1488   56.59
    49  1359   55.11
    50  1083   53.37
    51  1317   54.90
    52  1245   53.01
    53  1068   56.09
    54  1476   54.74
    55   921   51.57
    56   831   53.31
    57  1263   52.10
    58  1152   54.17
    59   918   51.09
    60   588   52.38
    61  2706   52.40
    62   390   49.23
    63  1044   51.34
    64   552   53.80
    65   855   52.05
    66   765   55.82
    67  2664   53.04
    68  1893   54.68
    69  1425   53.05
    70  2598   55.89
    71   411   52.55
    72  1551   54.67
    73   549   50.27
    74   927   49.62
    75   771   50.71
    76   441   49.21
    77  1230   49.51
    78   903   48.84
    79  2475   56.40
    80  2535   55.15
    81  2244   51.25
    82   798   56.89
    83   891   54.66
    84  1983   59.76
    85  1422   53.87
    86   345   50.72
    87  1518   47.96
    88  1425   53.96
    89  1176   52.81
    90   726   51.38
    91   852   49.88
    92   726   52.75
    93   558   50.90
    94  1197   52.63
    95   762   50.00
    96   750   50.40
    97  1353   50.92
    98  2433   50.68
    99   486   50.21
   100  1026   52.83
   101   456   50.44
   102   789   53.11
   103  1149   53.79
   104   597   57.29
   105  3483   54.95
   106   960   52.29
   107  2142   50.89
   108   417   49.64
   109  1299   58.04
   110   546   52.38
   111   423   54.14
   112   711   52.32
   113   576   50.17
   114   804   46.27
   115   801   52.68
   116   624   49.04
   117   741   49.39
   118   732   50.14
   119   786   42.75
   120   474   50.00
   121   579   50.95
   122   768   53.65
   123   750   52.40
   124   498   44.78
   125   786   52.29
   126  1056   54.17
   127   294   42.18
   128   399   43.61
   129   453   43.27
   130   267   52.06
   131   501   54.29
   132   459   51.85
   133  1245   53.65
   134   402   50.50
   135  1104   56.25
   136  1254   54.31
   137   405   43.70
   138  1152   45.83
   139   426   55.63
   140  1131   54.82
   141  1428   54.48
   142   933   60.34
   143   930   61.18
   144  1968   66.72
   145  1383   62.47
   146  1611   64.37
   147   732   48.91
   148   615   45.20
   149   228   43.86
   150   888   48.31
   151   309   50.16
   152   867   55.13
   153   270   35.56
   154   855   51.23
   155   720   50.56
   156  1428   50.21
   157   849   51.71
   158  2034   55.31
   159  1089   45.91
   160   606   45.38
   161   864   47.11
   162  1548   55.56
   163  1419   58.35
   164   321   57.63
   165   951   56.15
   166  1383   56.25
   167  1050   53.33
   168   816   38.85
   169   276   47.83
   170   276   38.77
   171   891   56.12
   172  1170   55.64
   173  1452   56.96
   174  1887   58.40
   175  1260   53.89
   176  1284   53.43
   177   660   57.27
   178   471   50.53
   179  1155   58.70
   180  1665   57.00
   181   945   57.78
   182   930   54.30
   183   816   55.15
   184   951   54.47
   185  1014   56.51
   186  1257   57.12
   187   657   48.55
   188   411   50.85
   189   906   55.08
   190  1020   55.39
   191   768   55.99
   192   828   57.25
   193   852   54.46
   194  1461   40.93
   195  1404   49.79
   196   669   40.36
   197  1221   51.35
   198  1095   53.42
   199   345   44.64
   200   261   46.36
   201  1485   52.32
   202   339   47.79
   203  1116   53.67
   204   579   53.89
   205   525   52.19
   206   192   48.44
   207   678   46.46
   208   285   51.93
   209   282   48.58
   210  1047   54.15
   211   243   56.38
   212   690   54.49
   213  1296   53.01
   214  1320   55.61
   215  1374   52.91
   216  1818   54.57
   217  1071   54.15
   218  1128   51.33
   219   333   49.55
   220  1848   53.19
   221   972   51.65
   222   348   47.13
   223   450   51.33
   224  1104   55.34
   225   471   52.23
   226   420   53.81
   227   978   54.40
   228   519   53.18
   229  1449   52.17
   230   510   49.80
   231   351   48.15
   232  1299   51.19
   233   624   51.12
   234  1275   51.53
   235  2355   52.31
   236   273   49.08
   237  1872   52.35
   238   372   54.84
   239   399   46.12
   240   831   51.26
   241   546   48.72
   242  1773   54.03
   243  1782   56.29
   244   339   50.74
   245  1287   56.18
   246   573   53.93
   247   354   49.44
   248   648   45.37
   249  3363   51.89
   250   378   52.12
   251   552   54.35
   252  1932   57.66
   253   330   52.73
   254   606   57.76
   255  1875   52.85
   256   645   51.78
   257   963   53.89
   258  1305   51.88
   259  1653   50.88
   260   396   43.69
   261   933   53.16
   262  1293   53.29
   263   408   58.58
   264   678   45.43
   265   807   46.47
   266   687   56.62
   267  2415   57.60
   268  4281   60.13
   269   369   30.62
   270   711   44.59
   271   261   27.97
   272   192   38.54
   273   483   51.14
   274   816   52.57
   275  1782   52.92
   276   777   44.66
   277   879   50.74
   278   279   35.48
   279  1314   47.49
   280  1362   51.62
   281  1308   51.15
   282  1146   55.58
   283  1668   55.58
   284  1002   57.19
   285   816   56.86
   286   894   56.94
   287  1386   54.47
   288   576   43.92
   289   693   42.57
   290  2604   47.81
   291   978   45.40
   292   516   50.00
   293   561   52.58
   294   309   50.16
   295   867   55.13
   296   138   44.93
   297   333   41.14
   298  1527   35.56
   299   552   42.39
   300   798   36.22
   301   456   50.44
   302   171   48.54
   303   291   53.26
   304   363   53.17
   305   384   42.97
   306   216   47.69
   307   498   47.59
   308   462   51.30
   309   207   39.61
   310   546   52.56
   311   744   50.81
   312   186   49.46
   313   750   31.73
   314  1374   51.24
   315   333   45.35
   316  1224   55.72
   317  3144   55.69
   318  1377   52.51
   319  1113   51.93
   320  1125   55.02
   321  3882   56.54
   322  1134   44.97
   323  1251   58.03
   324  1176   56.46
   325  1611   56.05
   326   858   55.36
   327   747   57.97
   328   414   56.76
   329  2106   57.22
   330  1161   53.83
   331   564   50.00
   332  1596   52.82
   333  1239   50.12
   334   462   51.73
   335  1659   50.09
   336   681   50.51
   337   561   46.88
   338   210   43.81
   339   228   52.63
   340   564   54.61
   341   204   50.00
   342   483   52.59
   343   708   45.76
   344  1428   47.48
   345   708   47.60
   346  1452   47.73
   347  1176   57.14
   348   336   49.11
   349   138   53.62
   350   120   54.17
   351   153   52.94
   352  1947   54.75
   353  1665   52.49
   354  1407   51.24
   355   327   48.01
   356   546   49.63
   357  1641   55.27
   358   495   45.45
   359   207   50.24
   360  4194   59.16
   361   222   45.50
   362   327   31.19
   363  1434   54.60
   364   570   36.67
   365   858   42.77
   366   762   39.63
   367   510   50.39
   368  1419   53.49
   369   744   53.49
   370   657   57.84
   371   933   55.52
   372   735   57.69
   373   792   52.40
   374   390   49.23
   375   348   51.15
   376  1767   56.31
   377   717   51.60
   378   261   49.04
   379  2802   55.67
   380  1218   55.91
   381  1167   54.33
   382   870   53.79
   383  1977   54.58
   384  2634   49.35
   385  1572   52.86
   386  1140   53.86
   387   294   49.66
   388   405   49.63
   389   693   50.51
   390   429   51.75
   391  1266   52.29
   392  1293   53.13
   393   522   51.34
   394   792   49.49
   395  1044   50.19
   396   720   48.19
   397  1053   52.14
   398   150   41.33
   399   774   50.90
   400   690   54.06
   401  1059   53.54
   402   996   55.12
   403  1053   48.81
   404  1434   49.79
   405  2286   51.44
   406  1041   55.52
   407  1155   58.01
   408   756   56.48
   409   678   53.69
   410  2022   53.56
   411   990   54.14
   412   513   52.05
   413   486   55.97
   414   246   55.69
   415   453   56.73
   416   705   48.65
   417   714   42.30
   418   411   54.50
   419  1365   56.70
   420  2151   54.07
   421   963   55.66
   422  1086   55.62
   423  1008   53.67
   424   516   51.36
   425   270   50.74
   426   468   54.06
   427  1119   52.28
   428  1593   52.79
   429   735   52.79
   430   966   56.52
   431  1839   54.16
   432  1539   52.24
   433   921   53.53
   434   912   53.07
   435  2349   41.59
   436  1329   43.49
   437   384   48.70
   438  1116   51.70
   439  1203   51.70
   440  1233   52.39
   441   537   51.58
   442   378   49.74
   443   288   50.35
   444   723   52.56
   445   903   56.26
   446   477   48.43
   447  1113   50.85
   448  1215   55.72
   449   954   50.94
   450   846   54.73
   451   489   52.15
   452  1128   54.61
   453   324   54.01
   454   831   56.08
   455  1659   53.10
   456  1143   52.49
   457  1947   53.93
   458   321   45.17
   459  2277   52.61
   460   495   47.88
   461  3990   54.01
   462   615   50.89
   463  1344   53.57
   464  1293   52.67
   465  2358   52.67
   466   618   51.78
   467   864   54.63
   468  1149   52.05
   469  1623   45.84
   470   591   42.81
   471   693   47.62
   472  1089   50.14
   473  1284   50.78
   474   789   49.43
   475   684   53.65
   476  1674   51.19
   477   285   49.12
   478  2343   49.59
   479  1749   50.89
   480   987   54.71
   481  1233   52.31
   482   183   48.09
   483   747   52.74
   484   894   52.46
   485   786   51.53
   486  1323   52.83
   487   678   52.36
   488  4461   55.66
   489  1848   53.14
   490   549   49.73
   491   648   51.54
   492  2613   53.46
   493   549   42.26
   494   702   45.01
   495  2601   47.87
   496  1071   48.27
   497   543   47.15
   498   564   47.34
   499   738   51.49
   500  1011   46.98
   501   579   49.74
   502  2109   54.24
   503  1908   52.41
   504  1254   52.23
   505  1641   50.21
   506   549   52.64
   507   168   54.17
   508   453   46.14
   509   630   48.10
   510  2055   53.04
   511   495   52.32
   512   279   52.33
   513  1119   56.12
   514  1794   56.52
   515   708   51.84
   516   588   58.84
   517   399   56.64
   518   858   54.90
   519  1545   54.05
   520  1137   53.21
   521  1299   53.89
   522   504   54.76
   523   213   44.13
   524   231   41.56
   525  1029   53.35
   526  1173   51.24
   527  2547   55.32
   528   600   53.33
   529  1257   34.13
   530  1242   51.61
   531   231   48.92
   532   639   51.33
   533  1509   53.68
   534   120   50.83
   535   732   54.78
   536  1128   51.33
   537  1272   53.77
   538  1065   52.21
   539  1359   38.56
   540   324   42.28
   541   987   40.53
   542   252   57.14
   543   414   56.52
   544   978   51.02
   545   738   48.37
   546   555   53.51
   547   540   54.07
   548   456   41.89
   549   456   51.10
   550   333   42.64
   551   312   43.59
   552   534   51.69
   553  1482   50.40
   554  1536   49.87
   555  2544   54.95
   556   228   50.44
   557  1053   49.76
   558   585   49.40
   559   648   51.85
   560   924   55.30
   561  1536   53.71
   562   417   53.48
   563   405   52.84
   564   696   54.60
   565  1209   51.53
   566   756   59.13
   567   783   53.77
   568   699   53.51
   569  1098   54.19
   570   942   54.67
   571  1644   51.82
   572   954   50.73
   573   375   46.40
   574   960   51.46
   575   522   49.62
   576   174   54.02
   577  1041   52.16
   578   954   54.72
   579   930   55.16
   580   735   51.56
   581   237   48.10
   582  1242   53.30
   583   810   50.62
   584  1023   50.73
   585   642   54.05
   586  1005   54.03
   587   798   50.88
   588  1434   52.65
   589   360   50.56
   590   378   49.47
   591   642   56.39
   592   825   53.33
   593  1026   53.02
   594   600   47.17
   595  1305   52.95
   596   540   53.70
   597   258   47.29
   598  1200   54.17
   599   687   55.60
   600  1245   51.89
   601   912   52.74
   602   840   51.79
   603  1227   49.88
   604  1251   50.20
   605   894   36.80
   606   387   39.79
   607   504   43.65
   608   570   49.47
   609   339   49.85
   610  1368   54.31
   611   183   60.11
   612   474   56.33
   613   792   57.58
   614   585   57.26
   615   630   50.32
   616   414   42.03
   617   555   48.83
   618   834   38.37
   619   237   41.77
   620   273   37.00
   621   267   34.83
   622   249   35.74
   623  1566   44.57
   624  1521   38.46
   625  1017   50.84
   626   213   51.17
   627   369   42.28
   628   327   43.12
   629   660   51.97
   630   477   47.38
   631   420   48.10
   632  1269   50.99
   633   720   51.25
   634  1299   56.27
   635  1071   57.98
   636   726   50.96
   637   255   53.33
   638   441   41.50
   639  1929   51.48
   640   279   53.05
   641  1257   54.34
   642  1083   53.00
   643   834   55.16
   644   393   47.58
   645   810   46.42
   646   855   51.58
   647   231   45.45
   648   717   54.67
   649  1254   51.12
   650  1392   53.66
   651  3744   54.94
   652  1539   53.74
   653   711   56.40
   654   678   55.90
   655   276   59.42
   656   945   50.26
   657  1014   48.62
   658   909   46.97
   659   618   42.23
   660   648   47.84
   661  1632   47.73
   662   921   45.71
   663   909   52.37
   664  1014   51.68
   665  1005   51.54
   666   720   54.44
   667   639   50.08
   668   882   54.08
   669   657   48.40
   670  1896   46.99
   671   876   53.77
   672  1050   50.57
   673  2598   51.77
   674   975   48.31
   675  2676   52.91
   676   765   50.59
   677   309   50.16
   678  1170   51.88
   679   738   52.98
   680   330   49.70
   681   777   52.25
   682   558   50.90
   683  1488   57.33
   684  1281   58.24
   685  1266   57.66
   686   669   49.33
   687   225   47.56
   688   360   50.28
   689   222   54.50
   690   315   50.79
   691  1707   44.11
   692  1293   50.04
   693   882   53.63
   694   843   52.79
   695  1053   55.75
   696   798   53.13
   697  1056   54.73
   698  2268   53.75
   699   660   56.52
   700   969   50.57
   701   906   49.89
   702  1398   54.43
   703  1062   56.31
   704  1542   52.14
   705  1008   54.56
   706   900   46.56
   707  1635   47.89
   708  1017   54.67
   709   258   45.35
   710   909   49.61
   711   564   54.26
   712   984   51.93
   713  1374   51.97
   714   612   39.54
   715   177   48.59
   716   297   43.43
   717   423   50.83
   718   858   47.90
   719   747   52.74
   720   612   48.04
   721   306   53.27
   722  1458   38.07
   723   282   40.78
   724   264   48.11
   725   360   47.22
   726   234   47.01
   727  1029   46.84
   728   156   56.41
   729   462   55.19
   730  3369   53.31
   731   576   48.09
   732  2640   52.12
   733   186   43.01
   734   333   45.05
   735  1503   53.43
   736   930   52.15
   737   288   49.65
   738   747   53.01
   739   504   55.75
   740  1071   53.31
   741   768   54.56
   742   789   54.50
   743  1428   53.22
   744   423   51.54
   745  1206   55.97
   746  1314   51.83
   747   951   50.37
   748   591   50.59
   749  2559   50.10
   750  1152   45.83
   751  3324   49.67
   752   861   53.08
   753  2313   43.49
   754   612   46.24
   755   897   43.59
   756  1758   50.91
   757  1293   50.58
   758  3846   53.51
   759   801   51.19
   760  1440   50.97
   761   567   46.38
   762   174   44.25
   763  1641   51.25
   764  1344   52.68
   765  1656   50.79
   766   168   42.86
   767   540   43.33
   768   993   53.17
   769   594   45.96
   770   669   44.69
   771  1209   51.45
   772   537   49.35
   773  2004   50.85
   774   438   45.43
   775  1407   51.39
   776  1146   52.79
   777  1014   54.44
   778   942   52.97
   779   795   53.96
   780  1425   53.19
   781   249   44.98
   782   234   54.27
   783  1131   52.08
   784   723   43.98
   785  1062   50.66
   786   618   47.41
   787   213   31.46
   788  2049   58.17
   789   483   27.33
   790   747   38.02
   791   201   40.80
   792  1137   41.78
   793   234   43.16
   794   846   51.42
   795  3048   54.17
   796   885   55.03
   797   654   49.69
   798   432   50.00
   799  1536   53.32
   800  1029   53.74
   801   993   53.27
   802  1023   49.66
   803   876   49.66
   804   291   46.39
   805   759   53.89
   806   882   53.51
   807  1116   39.78
   808  1191   51.30
   809   378   51.06
   810   390   45.90
   811   219   50.23
   812  1188   49.83
   813   519   49.33
   814   747   50.60
   815   687   50.07
   816   204   51.96
   817   267   33.33
   818   591   44.84
   819   426   31.69
   820   213   48.36
   821   306   46.08
   822   333   42.94
   823   408   43.63
   824   156   48.08
   825   171   48.54
   826   219   47.95
   827   189   35.98
   828   192   43.23
   829   921   49.73
   830   657   54.34
   831  1197   42.19
   832   342   51.17
   833   561   46.88
   834   348   54.02
   835  2427   50.76
   836  2427   51.17
   837   618   52.91
   838   855   52.63
   839   624   53.04
   840  1317   53.91
   841  1254   52.95
   842   336   49.40
   843   822   52.07
   844  1035   50.24
   845   945   51.11
   846  1383   53.51
   847   723   50.90
   848   729   49.11
   849  1302   50.69
   850   930   50.75
   851  1176   50.77
   852  1509   49.04
   853  1593   52.73
   854  1173   50.98
   855  1002   53.89
   856   216   47.22
   857   465   48.82
   858   582   51.55
   859   579   54.58
   860  2223   55.38
   861  1059   52.60
   862   621   53.14
   863   696   52.73
   864   636   49.21
   865  1503   51.63
   866   606   50.50
   867   468   51.07
   868   237   48.95
   869   900   50.11
   870  2013   52.76
   871   600   52.33
   872  1098   53.46
   873   408   51.47
   874   648   54.17
   875  4617   56.90
   876   816   47.79
   877   582   50.17
   878  1026   53.80
   879  1212   53.30
   880  1149   47.95
   881  1374   52.98
   882   306   44.77
   883  1605   47.85
   884  1413   49.89
   885   237   50.63
   886  1113   54.90
   887   384   45.05
   888  1215   44.94
   889  1272   45.28
   890   867   47.75
   891   759   50.46
   892  1596   47.49
   893  1206   51.82
   894   765   51.37
   895   939   53.57
   896  1290   54.65
   897   294   47.96
   898  1701   49.85
   899   834   51.32
   900  1047   53.10
   901   192   50.52
   902   474   36.08
   903  1416   40.11
   904   930   54.09
   905   291   43.30
   906   861   51.92
   907   669   51.72
   908   603   50.91
   909  1392   52.44
   910  2262   52.03
   911   828   49.52
   912   888   51.58
   913   807   53.41
   914   759   47.43
   915   840   48.93
   916   708   51.55
   917   549   56.28
   918  1170   56.32
   919  1491   57.01
   920   654   51.07
   921  1323   53.44
   922   408   54.90
   923  1344   53.27
   924  1857   51.75
   925  1017   51.13
   926   660   52.58
   927   996   50.00
   928   906   49.67
   929  1935   50.13
   930  1284   49.14
   931  1476   38.48
   932  1671   45.90
   933   504   51.39
   934   447   54.81
   935  1182   52.71
   936   369   52.30
   937  1155   46.58
   938  1086   53.68
   939  1446   51.24
   940  1125   51.73
   941   966   50.10
   942   393   50.38
   943   360   41.67
   944  1362   50.95
   945   579   54.92
   946  1365   53.99
   947  1629   50.77
   948   972   50.31
   949   801   51.56
   950   861   52.73
   951   459   45.10
   952   621   51.53
   953  1485   51.45
   954  1284   50.08
   955  2640   53.64
   956  1446   51.80
   957   252   48.81
   958   276   46.38
   959   231   48.48
   960   657   52.05
   961   663   51.89
   962  1179   53.77
   963   870   48.97
   964  1443   52.81
   965   756   49.21
   966   786   51.91
   967   702   41.74
   968   600   52.33
   969   819   51.04
   970   426   50.47
   971   744   50.67
   972   972   52.06
   973  1734   53.29
   974   510   38.63
   975   429   44.99
   976   504   47.82
   977   339   47.49
   978   324   50.31
   979   498   42.77
   980  1212   51.24
   981   225   48.00
   982  1407   52.24
   983   411   49.88
   984   366   51.64
   985  1488   49.80
   986  1206   54.89
   987   234   48.29
   988   654   52.29
   989   480   47.08
   990   279   48.03
   991  1659   54.61
   992   996   55.62
   993   708   57.20
   994  1374   58.59
   995   444   51.58
   996  1128   54.88
   997   465   53.33
   998  1005   53.33
   999   414   55.07
  1000   306   54.25
  1001   738   53.12
  1002   270   50.37
  1003   786   47.46
  1004   624   38.14
  1005   243   48.56
  1006   816   52.08
  1007   921   53.64
  1008   516   45.35
  1009   210   45.24
  1010   405   45.43
  1011   852   48.59
  1012   414   41.79
  1013  1005   52.14
  1014   636   47.96
  1015   651   38.25
  1016   561   41.89
  1017   837   45.76
  1018  7152   49.89
  1019  1317   50.42
  1020  1455   50.24
  1021   717   39.89
  1022   420   44.76
  1023   261   47.13
  1024   711   54.85
  1025  3276   57.75
  1026  1539   50.29
  1027   447   58.17
  1028   222   52.70
  1029   369   57.18
  1030   375   53.07
  1031   195   49.23
  1032  1428   50.07
  1033    51   43.14
  1034   900   54.11
  1035  1305   58.08
  1036  1071   55.37
  1037  1071   53.31
  1038   591   56.68
  1039   741   57.22
  1040   777   51.87
  1041   612   54.58
  1042  1650   52.48
  1043  3318   52.35
  1044  1416   55.93
  1045   462   41.13
  1046  1395   54.12
  1047  3123   56.61
  1048  3078   56.27
  1049  1416   55.51
  1050  1404   53.70
  1051   723   54.08
  1052   372   46.51
  1053  1362   54.11
  1054   900   49.67
  1055   309   50.16
  1056   867   55.13
  1057  1278   50.23
  1058  1005   55.62
  1059   966   56.94
  1060   825   51.52
  1061   519   45.86
  1062  2034   53.05
  1063   825   45.82
  1064  1938   50.67
  1065  1002   54.89
  1066  3633   50.78
  1067  1155   52.99
  1068  2280   55.70
  1069  1137   54.35
  1070  1869   54.79
  1071   474   42.19
  1072   732   52.87
  1073  1716   52.21
  1074   615   54.31
  1075   399   49.37
  1076   696   53.45
  1077   885   54.69
  1078   720   47.78
  1079   240   42.92
  1080  1239   51.49
  1081  1242   51.05
  1082   837   54.48
  1083  1050   53.05
  1084   858   52.45
  1085  1089   51.79
  1086   660   45.00
  1087  1182   53.05
  1088   828   50.60
  1089  1467   52.01
  1090   987   54.51
  1091   750   43.47
  1092   567   46.74
  1093  1557   50.55
  1094  1821   51.18
  1095  1095   51.23
  1096  1026   52.73
  1097  1590   51.38
  1098  1761   53.15
  1099   285   50.53
  1100   228   50.44
  1101  1761   52.07
  1102   123   41.46
  1103   648   52.47
  1104   489   49.49
  1105  2673   49.38
  1106   651   47.77
  1107  1827   48.55
  1108  1386   48.99
  1109   663   53.85
  1110   651   53.61
  1111  1323   53.06
  1112  1185   53.00
  1113   723   54.22
  1114  2286   53.67
  1115  1131   50.57
  1116   255   56.08
  1117   207   41.55
  1118  1629   57.34
  1119  1260   55.87
  1120  1191   53.99
  1121   900   48.33
  1122   426   47.65
  1123  1173   51.24
  1124   969   49.85
  1125  1983   51.13
  1126   891   52.86
  1127  1653   51.00
  1128   669   51.12
  1129   936   50.53
  1130  1212   35.40
  1131   978   44.99
  1132   504   45.63
  1133   477   38.36
  1134   852   43.43
  1135  1218   50.49
  1136   600   49.33
  1137  1203   52.20
  1138  2145   55.52
  1139  1542   52.01
  1140   648   51.39
  1141   363   44.90
  1142   894   54.92
  1143   996   52.01
  1144  2067   52.83
  1145   552   53.26
  1146  1347   49.81
  1147  1059   35.51
  1148   933   48.55
  1149  1158   47.75
  1150   363   46.01
  1151   921   39.52
  1152  1332   27.55
  1153   345   52.46
  1154   447   49.44
  1155   825   45.70
  1156   564   46.28
  1157   363   47.11
  1158   306   42.81
  1159  1338   48.73
  1160  1329   50.87
  1161   615   40.00
  1162  3594   40.82
  1163   276   40.22
  1164   987   50.86
  1165  1698   51.41
  1166   735   47.48
  1167   858   53.61
  1168  1257   53.86
  1169   327   54.13
  1170   345   53.91
  1171  1203   49.88
  1172  1119   52.10
  1173   360   50.00
  1174   393   46.06
  1175   765   45.23
  1176   999   51.75
  1177   762   50.13
  1178   972   50.31
  1179   258   50.78
  1180  1728   49.65
  1181   510   47.25
  1182   375   46.40
  1183   735   39.18
  1184   897   53.51
  1185  1425   56.56
  1186  1392   51.87
  1187   870   49.77
  1188   900   54.67
  1189  1296   53.47
  1190   642   44.39
  1191   246   48.78
  1192   384   46.61
  1193   417   48.92
  1194   594   52.36
  1195   393   44.02
  1196   393   44.02
  1197   840   49.88
  1198   951   50.26
  1199  2004   54.64
  1200  1701   51.62
  1201  3114   54.46
  1202   357   46.78
  1203  1128   53.46
  1204   639   48.36
  1205   471   49.47
  1206   657   55.10
  1207  2019   54.73
  1208   969   53.56
  1209  1440   55.35
  1210   651   53.30
  1211  1581   53.89
  1212  1668   54.32
  1213   546   54.95
  1214   759   55.73
  1215   477   52.62
  1216  1992   52.56
  1217   849   51.24
  1218  1464   53.89
  1219   360   52.50
  1220  1038   52.89
  1221   639   53.68
  1222  2067   48.86
  1223  1542   51.17
  1224   192   49.48
  1225   519   47.21
  1226   540   49.26
  1227  1371   53.25
  1228  1005   51.44
  1229   804   54.48
  1230   882   50.11
  1231  1302   51.38
  1232  1362   52.94
  1233   519   52.22
  1234   321   55.45
  1235   813   56.09
  1236  1203   54.03
  1237   495   49.09
  1238  1200   50.58
  1239  1191   52.48
  1240  1419   50.39
  1241   921   50.92
  1242   261   44.83
  1243  1623   53.17
  1244  1335   54.76
  1245   588   51.19
  1246   690   52.17
  1247   420   49.52
  1248   723   52.14
  1249  2661   54.30
  1250  1359   48.93
  1251   273   56.41
  1252   738   51.22
  1253   207   36.23
  1254   342   46.20
  1255    48   37.50
  1256  1161   49.18
  1257   405   44.44
  1258   519   45.66
  1259  1227   48.33
  1260   483   51.14
  1261   867   52.13
  1262   591   50.25
  1263   684   52.19
  1264   879   49.94
  1265  1662   51.81
  1266   153   46.41
  1267   483   51.76
  1268  1242   47.58
  1269   213   46.95
  1270  1410   37.94
  1271   627   40.35
  1272  1074   44.32
  1273   321   46.42
  1274   870   54.02
  1275   822   55.60
  1276   702   57.26
  1277   393   53.69
  1278   693   51.95
  1279   468   51.28
  1280  1704   31.22
  1281   459   54.03
  1282   483   54.24
  1283   318   54.40
  1284   330   47.58
  1285   132   41.67
  1286   333   33.03
  1287   495   40.20
  1288   189   37.04
  1289   633   37.12
  1290   273   37.00
  1291  1083   52.91
  1292  1335   57.38
  1293  1449   58.32
  1294  1281   59.33
  1295  1401   51.32
  1296   681   53.45
  1297   300   53.00
  1298   525   45.90
  1299   450   49.11
  1300   342   53.80
  1301   246   53.25
  1302   411   55.96
  1303  2145   51.84
  1304   960   48.23
  1305  1203   49.04
  1306  1065   58.12
  1307   993   52.57
  1308   267   54.68
  1309   918   54.14
  1310   738   52.85
  1311   336   54.46
  1312   531   49.15
  1313  1173   53.37
  1314  1539   56.60
  1315   564   50.00
  1316   960   54.48
  1317   372   55.11
  1318   780   53.33
  1319   360   55.00
  1320   774   48.84
  1321   927   57.61
  1322  1440   53.33
  1323  1134   54.06
  1324  1458   56.10
  1325  1425   51.51
  1326   351   52.99
  1327   873   55.21
  1328   273   55.31
  1329  1122   55.44
  1330   969   57.07
  1331  2079   52.57
  1332  2562   56.13
  1333   657   42.31
  1334   909   53.03
  1335  1167   55.10
  1336   639   53.52
  1337   777   51.48
  1338  1365   51.72
  1339  1038   49.33
  1340   366   49.45
  1341  1302   55.22
  1342   297   55.89
  1343   576   46.53
  1344  1278   49.69
  1345  1479   49.02
  1346   942   40.13
  1347  2757   49.84
  1348   849   48.88
  1349  1365   51.36
  1350  1290   52.33
  1351  1368   54.97
  1352   846   52.72
  1353  1317   47.68
  1354  1776   54.50
  1355  1449   50.93
  1356   423   48.94
  1357   732   48.22
  1358  1206   55.89
  1359   444   54.50
  1360  1332   52.55
  1361   690   53.62
  1362   714   49.86
  1363   219   43.38
  1364  1041   54.37
  1365  1032   52.71
  1366   936   53.42
  1367  1230   44.47
  1368   693   36.94
  1369   810   39.63
  1370   495   31.92
  1371   447   32.44
  1372   492   32.72
  1373  1377   34.71
  1374   219   33.79
  1375   417   34.53
  1376  2259   52.99
  1377   879   53.70
  1378   480   52.08
  1379  1092   51.01
  1380  1197   53.63
  1381  1212   51.49
  1382  1398   52.72
  1383   933   49.09
  1384   579   43.18
  1385  3099   52.21
  1386  1395   52.83
  1387   780   54.49
  1388  2871   52.94
  1389  1458   48.15
  1390  1320   48.94
  1391   570   53.16
  1392   831   52.59
  1393  1518   48.68
  1394   549   50.09
  1395   522   51.34
  1396   981   53.92
  1397  1440   50.76
  1398   330   46.67
  1399   549   51.91
  1400   894   54.36
  1401  2145   54.97
  1402   996   53.92
  1403   828   48.19
  1404  1479   53.14
  1405   885   51.30
  1406   216   48.15
  1407  1155   53.25
  1408  1395   53.12
  1409   498   55.22
  1410   708   54.80
  1411   759   53.10
  1412   951   53.42
  1413   636   51.10
  1414   417   53.00
  1415   705   51.35
  1416   567   51.32
  1417   303   48.18
  1418   594   55.56
  1419  1137   53.21
  1420  1053   55.18
  1421   276   47.46
  1422  1083   51.06
  1423  1305   49.35
  1424   708   51.69
  1425   765   55.03
  1426  1017   54.67
  1427   693   47.47
  1428   915   53.22
  1429  1041   52.07
  1430   885   54.35
  1431   246   48.78
  1432  1188   51.01
  1433   660   51.06
  1434  1164   54.64
  1435   711   51.90
  1436   930   47.42
  1437   258   48.45
  1438   660   51.67
  1439  1350   53.04
  1440   582   50.52
  1441   315   50.48
  1442  1488   51.28
  1443   261   52.87
  1444   705   55.60
  1445  1161   50.13
  1446   774   53.10
  1447   351   48.43
  1448   552   43.66
  1449   366   53.01
  1450   906   55.08
  1451  2466   42.13
  1452   759   38.47
  1453  1065   39.91
  1454   630   42.54
  1455  1662   50.42
  1456   621   52.66
  1457  1239   56.26
  1458   618   53.88
  1459   912   53.84
  1460   606   53.96
  1461  1464   55.26
  1462   216   51.85
  1463  1746   52.29
  1464  1842   52.99
  1465   624   53.69
  1466  1491   54.73
  1467   984   51.73
  1468  3129   54.52
  1469   450   45.56
  1470  1434   49.65
  1471  1071   51.91
  1472  2352   54.46
  1473  2019   57.21
  1474   540   50.37
  1475   693   51.52
  1476  1005   52.54
  1477   966   53.93
  1478  1245   55.18
  1479  1419   54.26
  1480   792   50.76
  1481   663   50.68
  1482   384   53.91
  1483   384   48.44
  1484   306   54.90
  1485   405   52.84
  1486   300   56.67
  1487   483   49.07
  1488   987   51.17
  1489   366   51.91
  1490   357   44.82
  1491   702   53.42
  1492   171   51.46
  1493   345   30.72
  1494   561   36.01
  1495  1188   31.82
  1496   165   48.48
  1497  1572   52.86
  1498   336   47.62
  1499   465   43.87
  1500  1281   55.27
  1501   510   50.20
  1502   402   58.21
  1503   504   56.75
  1504  1155   56.62
  1505   861   52.03
  1506   477   44.03
  1507   804   51.37
  1508   792   49.37
  1509   756   50.26
  1510   585   45.13
  1511   696   44.25
  1512  2517   47.60
  1513  1092   47.89
  1514  2037   54.05
  1515   396   54.55
  1516   591   50.25
  1517   576   54.34
  1518   561   50.62
  1519   303   54.46
  1520   996   56.83
  1521   897   55.74
  1522  1008   55.85
  1523  1344   52.60
  1524   294   48.64
  1525  1434   53.14
  1526   972   52.67
  1527   279   50.18
  1528   978   52.04
  1529   987   51.87
  1530   567   52.56
  1531   576   46.35
  1532   558   49.64
  1533   726   54.41
  1534  1434   52.86
  1535   288   44.79
  1536   492   52.24
  1537   855   52.16
  1538   273   49.08
  1539   633   51.18
  1540  4554   57.05
  1541  1419   56.17
  1542   765   45.36
  1543   675   41.63
  1544  2382   45.51
  1545   480   45.42
  1546   717   43.51
  1547  1128   49.38
  1548  1368   51.02
  1549   405   54.07
  1550  1368   52.05
  1551  1068   52.72
  1552   471   48.62
  1553   315   47.30
  1554   930   52.90
  1555   975   55.38
  1556   471   51.80
  1557  1350   53.41
  1558   243   54.32
  1559  1458   54.32
  1560   882   54.31
  1561   966   52.28
  1562   297   47.14
  1563   891   47.59
  1564   180   40.56
  1565  1158   52.07
  1566  3105   51.53
  1567   222   54.05
  1568   918   49.35
  1569  1107   50.32
  1570  1107   52.39
  1571   759   47.04
  1572   771   45.78
  1573   510   46.27
  1574   948   52.85
  1575  1290   49.69
  1576  1377   50.11
  1577   411   45.01
  1578   816   42.40
  1579  1965   50.23
  1580  1482   52.50
  1581  1197   51.04
  1582   438   48.63
  1583   510   56.08
  1584   417   49.40
  1585   588   50.34
  1586   984   50.20
  1587  1167   48.67
  1588   486   47.74
  1589   678   50.44
  1590   219   52.97
  1591  1914   55.33
  1592  1023   54.25
  1593   219   49.77
  1594   870   53.22
  1595   633   49.45
  1596  2091   52.75
  1597  1182   51.86
  1598  2544   54.28
  1599   327   55.96
  1600   555   54.95
  1601  1374   54.66
  1602   168   42.26
  1603  1389   54.21
  1604  1044   53.83
  1605   450   55.56
  1606   405   54.81
  1607   786   57.38
  1608   798   50.13
  1609  2577   55.30
  1610  2136   52.76
  1611   714   51.54
  1612   402   53.48
  1613   885   52.66
  1614  1623   53.60
  1615   513   49.51
  1616  2223   56.95
  1617   228   48.68
  1618  2322   54.74
  1619   237   54.85
  1620   879   47.55
  1621   732   54.51
  1622   576   53.30
  1623  1314   53.27
  1624  2706   54.10
  1625  1599   55.78
  1626  1506   55.05
  1627   594   50.00
  1628   489   51.74
  1629  1179   34.01
  1630   417   29.74
  1631   276   52.90
  1632   504   54.56
  1633   285   45.61
  1634   441   51.47
  1635   384   56.51
  1636   597   53.94
  1637   270   45.56
  1638   627   56.62
  1639  2199   58.25
  1640   666   50.75
  1641   612   51.31
  1642  1131   50.84
  1643   588   56.46
  1644  1575   53.33
  1645   945   58.41
  1646   834   60.91
  1647   765   59.22
  1648   807   56.26
  1649   402   57.21
  1650  4236   58.78
  1651   369   32.79
  1652  1137   41.51
  1653  1152   45.49
  1654  1500   54.07
  1655   435   49.20
  1656  1470   51.84
  1657   843   54.45
  1658  1353   53.81
  1659   354   50.85
  1660  1311   53.85
  1661   426   51.88
  1662   783   36.02
  1663   600   44.67
  1664   531   39.74
  1665   573   46.60
  1666   528   32.95
  1667  1158   54.58
  1668  3114   53.02
  1669  1650   53.94
  1670   972   52.06
  1671  1014   52.66
  1672  1323   55.63
  1673  1149   54.74
  1674  1572   48.85
  1675   189   48.68
  1676  1680   52.68
  1677  1272   45.44
  1678   564   49.82
  1679   441   52.15
  1680   660   57.88
  1681   987   51.98
  1682   291   43.99
  1683   213   48.36
  1684   522   46.17
  1685   852   42.84
  1686   996   46.79
  1687   993   44.01
  1688  1542   47.08
  1689  1182   53.89
  1690  1179   48.77
  1691  2031   52.83
  1692  1254   52.15
  1693   999   53.05
  1694   468   45.30
  1695   474   44.09
  1696  1275   51.06
  1697   987   51.17
  1698  1497   57.45
  1699   663   59.43
  1700   894   55.93
  1701   696   57.33
  1702   975   47.69
  1703  4134   59.53
  1704   843   33.69
  1705   702   50.00
  1706   462   32.25
  1707  1914   53.87
  1708  1149   52.39
  1709   588   51.02
  1710   363   50.96
  1711  1656   55.13
  1712   777   54.05
  1713  1191   55.67
  1714   474   55.06
  1715  1545   53.46
  1716  1284   56.85
  1717   834   53.00
  1718   933   50.91
  1719  1047   53.68
  1720   960   51.04
  1721  1260   31.90
  1722  1278   53.91
  1723   480   52.71
  1724  1293   52.98
  1725   456   54.61
  1726   639   52.74
  1727   864   53.82
  1728   837   46.00
  1729   672   53.13
  1730   624   49.04
  1731   276   53.26
  1732  2109   53.72
  1733   690   55.36
  1734  2082   57.20
  1735  1392   54.89
  1736  1710   54.21
  1737  1185   46.08
  1738   924   48.70
  1739  1767   54.61
  1740  1191   57.01
  1741   450   48.00
  1742   924   43.51
  1743   717   51.32
  1744   408   50.98
  1745  1086   51.20
  1746   672   43.45
  1747   141   51.77
  1748   360   55.83
  1749  1647   53.67
  1750  1365   56.34
  1751    75   34.67
  1752  1431   50.59
  1753  1248   46.47
  1754  1176   53.06
  1755   960   52.19
  1756   762   52.10
  1757   567   52.73
  1758   666   48.05
  1759   468   43.80
  1760   588   44.56
  1761   993   56.50
  1762  1560   51.28
  1763   456   47.59
  1764  1506   51.20
  1765   966   53.42
  1766   891   52.86
  1767   930   51.94
  1768   993   50.65
  1769   339   48.08
  1770    99   53.54
  1771   984   55.39
  1772   264   49.24
  1773   930   54.95
  1774  1818   56.27
  1775  1545   58.77
  1776  1476   53.79
  1777  2022   53.46
  1778   384   49.74
  1779   102   49.02
  1780  1260   50.32
  1781  1104   49.46
  1782  1050   52.76
  1783  1170   52.65
  1784  1263   53.76
  1785  1068   53.75
  1786   882   55.10
  1787   546   54.40
  1788  1131   54.38
  1789  1251   53.64
  1790   225   52.89
  1791   615   53.01
  1792  1353   52.40
  1793   741   53.17
  1794  1386   53.54
  1795  1236   52.67
  1796  2547   51.94
  1797   486   49.79
  1798   828   55.07
  1799   708   55.79
  1800   897   53.96
  1801   717   55.79
  1802  2163   57.70
  1803   951   52.68
  1804   870   51.26
  1805  1833   54.99
  1806   369   52.03
  1807  1023   53.76
  1808   516   51.36
  1809   900   55.56
  1810  2262   56.23
  1811   762   54.07
  1812  1428   53.08
  1813   756   52.25
  1814   606   55.78
  1815  1641   49.97
  1816   312   44.87
  1817   342   50.88
  1818   438   55.94
  1819   777   51.61
  1820   621   53.62
  1821   342   54.97
  1822  1494   53.82
  1823   702   52.85
  1824  1332   53.68
  1825   618   55.66
  1826  1299   53.35
  1827   546   51.83
  1828   270   46.30
  1829   987   48.63
  1830   627   48.01
  1831  1473   41.28
  1832  2787   51.96
  1833   510   52.35
  1834  1380   53.19
  1835  1776   53.27
  1836   711   49.09
  1837   981   43.93
  1838  1266   45.02
  1839   903   55.59
  1840   810   51.98
  1841   621   50.72
  1842   873   50.86
  1843   438   55.02
  1844   990   55.05
  1845   246   44.72
  1846   243   45.68
  1847   834   53.12
  1848  1056   45.64
  1849   837   51.85
  1850   939   49.73
  1851   621   53.30
  1852   993   52.67
  1853   705   52.91
  1854   150   54.67
  1855   369   47.97
  1856   903   52.16
  1857   963   53.48
  1858   990   50.61
  1859   756   48.68
  1860   441   49.43
  1861   300   46.33
  1862   429   43.12
  1863   246   48.37
  1864   213   49.30
  1865  1161   54.95
  1866  2433   58.32
  1867   891   51.85
  1868  2181   55.75
  1869   939   53.99
  1870   330   56.06
  1871  1080   54.17
  1872   321   49.22
  1873  2298   53.13
  1874   879   54.95
  1875   342   56.14
  1876  1005   53.53
  1877   777   55.47
  1878  1374   56.48
  1879   918   55.45
  1880   705   52.62
  1881   360   49.17
  1882  1845   50.24
  1883   870   51.38
  1884  1029   45.97
  1885   966   49.38
  1886  1185   53.42
  1887   384   54.95
  1888   546   51.65
  1889   429   52.21
  1890   705   51.63
  1891   498   52.41
  1892   366   46.17
  1893  4029   52.62
  1894  4224   53.84
  1895   540   42.41
  1896   774   53.23
  1897  1065   56.06
  1898   678   58.55
  1899   591   48.56
  1900   273   48.35
  1901   696   53.45
  1902  1398   54.29
  1903  1326   56.26
  1904   384   45.31
  1905   930   50.00
  1906  1602   51.75
  1907  1305   55.33
  1908  1737   52.79
  1909  3684   55.84
  1910  1632   55.33
  1911   873   51.55
  1912  1650   51.33
  1913   243   60.49
  1914   669   54.71
  1915   738   58.67
  1916  2097   54.03
  1917   411   49.15
  1918  1116   54.84
  1919  1341   51.68
  1920   921   53.42
  1921  1329   33.18
  1922   609   50.41
  1923   873   51.78
  1924   369   51.76
  1925   609   51.89
  1926  1380   55.72
  1927   210   42.38
  1928   255   28.63
  1929   708   36.58
  1930  1038   53.66
  1931   453   47.68
  1932  1416   53.81
  1933  1080   55.93
  1934  1194   52.76
  1935   714   49.44
  1936   417   51.80
  1937   357   50.42
  1938   537   58.10
  1939  1587   44.74
  1940   465   52.04
  1941  1350   55.93
  1942  1650   55.82
  1943  1437   52.26
  1944   573   53.75
  1945   672   57.89
  1946   957   57.58
  1947  1659   57.32
  1948   384   52.34
  1949   597   51.76
  1950  1314   53.27
  1951   450   50.22
  1952  2229   51.46
  1953   846   56.74
  1954  1503   50.43
  1955  1356   52.43
  1956  1410   45.96
  1957   231   48.92
  1958   273   41.03
  1959   297   35.02
  1960   378   49.47
  1961   294   48.64
  1962  1647   52.88
  1963   387   54.78
  1964   567   49.38
  1965   468   52.35
  1966  1008   52.28
  1967  1545   47.18
  1968   315   50.16
  1969   315   47.94
  1970   615   52.36
  1971  1548   57.11
  1972   462   52.38
  1973  1338   55.08
  1974  1848   56.28
  1975   951   53.42
  1976   309   48.87
  1977  1281   53.86
  1978  1260   56.19
  1979  1005   53.03
  1980   198   48.99
  1981  1299   53.89
  1982   426   48.36
  1983  2484   55.15
  1984   732   56.28
  1985   402   38.56
  1986   699   51.36
  1987   660   47.42
  1988   399   43.61
  1989   639   48.98
  1990  1164   52.92
  1991  1641   54.30
  1992   750   53.20
  1993  1455   52.99
  1994   306   50.65
  1995   465   53.98
  1996   651   57.14
  1997   855   56.73
  1998   687   57.21
  1999   396   52.53
  2000   315   52.38
  2001   228   52.63
  2002   450   49.78
  2003   327   42.20
  2004   780   52.82
  2005  1413   52.58
  2006   471   51.80
  2007   741   55.20
  2008   501   35.13
  2009   246   45.12
  2010  1734   53.34
  2011  3780   55.00
  2012   342   51.46
  2013   258   50.78
  2014   351   53.85
  2015   957   49.84
  2016  1254   54.78
  2017   273   58.24
  2018  1026   57.60
  2019   972   52.16
  2020  1374   55.31
  2021  1353   54.25
  2022   303   50.17
  2023  2697   52.47
  2024   333   41.74
  2025   165   47.88
  2026   255   47.84
  2027   462   50.00
  2028  1851   32.36
  2029   417   48.92
  2030  1182   37.14
  2031  1101   54.77
  2032  1086   54.33
  2033   564   43.44
  2034  1191   45.76
  2035   411   50.85
  2036   906   55.08
  2037   336   46.13
  2038   330   58.18
  2039  1278   36.07
  2040  1134   38.71
  2041   204   45.10
  2042   303   43.89
  2043   597   55.28
  2044   414   52.17
  2045   276   52.90
  2046  1017   43.76
  2047   603   43.45
  2048   597   46.90
  2049   549   51.73
  2050   648   49.54
  2051   726   44.49
  2052  2637   48.58
  2053   531   49.53
  2054   504   52.38
  2055   903   50.17
  2056  1185   54.35
  2057  1461   57.63
  2058   774   53.62
  2059   402   49.00
  2060   657   49.16
  2061   312   47.44
  2062   561   49.02
  2063   165   55.76
  2064  1566   44.19
  2065  1542   48.90
  2066  1263   50.99
  2067   915   50.60
  2068  1656   54.65
  2069  1038   50.96
  2070   726   45.04
  2071   678   45.28
  2072   414   57.73
  2073   447   52.35
  2074   678   53.54
  2075  1590   54.03
  2076   606   51.65
  2077  1074   53.91
  2078   636   55.82
  2079   780   55.38
  2080  1323   55.18
  2081  1224   54.33
  2082   720   52.36
  2083  1332   53.83
  2084   969   56.66
  2085  1383   57.70
  2086  1254   50.80
  2087  1965   54.30
  2088   327   54.13
  2089   648   56.17
  2090   474   48.95
  2091   690   55.22
  2092  1425   53.89
  2093  1353   49.59
  2094   141   42.55
  2095   687   49.78
  2096   777   49.68
  2097  1431   53.32
  2098   567   53.09
  2099   714   50.84
  2100   405   48.89
  2101   309   52.10
  2102   210   51.43
  2103   504   54.56
  2104   276   52.90
  2105   264   46.59
  2106   612   54.74
  2107   894   52.35
  2108  1569   50.99
  2109  1218   52.63
  2110  1143   53.89
  2111  1515   51.82
  2112   843   55.75
  2113   378   51.85
  2114   822   53.04
  2115   990   56.36
  2116  1287   53.85
  2117  2355   51.38
  2118   660   53.94
  2119  2907   54.90
  2120  2352   55.36
  2121   696   55.32
  2122  1503   55.49
  2123  1701   58.02
  2124   699   57.08
  2125  1611   58.41
  2126   984   53.25
  2127  1656   54.89
  2128   606   51.49
  2129  1401   55.75
  2130  1095   55.53
  2131  1572   52.99
  2132    87   47.13
  2133   135   54.81
  2134   198   51.52
  2135   744   51.48
  2136   621   52.66
  2137   108   51.85
  2138  1203   51.95
  2139  1386   53.46
  2140   441   53.06
  2141   894   53.13
  2142  1374   52.69
  2143  1854   53.88
  2144   795   46.16
  2145   867   50.75
  2146   471   49.68
  2147  2391   55.42
  2148   663   50.68
  2149   381   52.49
  2150   852   52.70
  2151   795   54.59
  2152  1239   40.36
  2153   597   41.37
  2154   606   42.57
  2155   612   42.81
  2156  2598   43.34
  2157   741   44.40
  2158   585   44.79
  2159   480   50.00
  2160  1365   56.19
  2161   927   53.61
  2162   456   52.63
  2163   705   49.36
  2164   540   56.11
  2165  1281   55.50
  2166   624   53.69
  2167   801   52.93
  2168   699   52.36
  2169   387   44.44
  2170   744   51.21
  2171   132   53.79
  2172   825   53.09
  2173  2673   53.95
  2174   795   50.44
  2175   261   47.51
  2176   879   48.69
  2177  1719   54.51
  2178   708   55.23
  2179   405   53.33
  2180   816   49.14
  2181   654   52.29
  2182  1032   52.91
  2183   915   49.62
  2184  1359   51.95
  2185   756   40.21
  2186   468   50.43
  2187   339   39.23
  2188   771   54.73
  2189  2481   56.79
  2190   741   48.45
  2191   279   39.43
  2192   261   46.74
  2193  1740   57.87
  2194  1458   51.37
  2195  1056   44.70
  2196   342   51.17
  2197   318   56.92
  2198   477   58.49
  2199   459   55.56
  2200   240   58.75
  2201   468   52.56
  2202   858   53.61
  2203   837   57.59
  2204   867   56.86
  2205   894   47.99
  2206  1017   54.67
  2207  1059   56.37
  2208   363   55.92
  2209   504   55.16
  2210   276   53.26
  2211   378   49.21
  2212  1155   62.08
  2213   759   63.24
  2214  1005   58.81
  2215   504   55.16
  2216   276   53.26
  2217   627   44.82
  2218   699   37.34
  2219   855   36.26
  2220   441   43.54
  2221  1401   44.33
  2222   411   52.55
  2223   957   59.98
  2224  2199   59.44
  2225   957   60.71
  2226   690   54.78
  2227   330   50.30
  2228   756   52.91
  2229  1644   51.58
  2230  2526   55.27
  2231   669   54.86
  2232   588   52.89
  2233   591   39.09
  2234   264   45.83
  2235   720   42.92
  2236   603   44.78
  2237   252   34.52
  2238  1353   45.53
  2239   213   42.72
  2240   669   36.92
  2241  1671   57.09
  2242  1473   58.25
  2243   588   56.80
  2244   933   49.30
  2245   498   52.81
  2246   672   49.40
  2247  1587   55.20
  2248   447   56.38
  2249   900   55.00
  2250   612   42.81
  2251  1254   46.33
  2252  3075   56.26
  2253  1083   56.33
  2254   948   53.69
  2255   834   48.56
  2256  1110   53.69
  2257   297   52.86
  2258   774   50.13
  2259   444   45.72
  2260   387   45.48
  2261  1197   49.96
  2262   411   42.58
  2263  1008   53.97
  2264   270   30.37
  2265   867   55.13
  2266   309   50.16
  2267  1158   55.35
  2268   309   52.43
  2269  1095   51.05
  2270   810   54.57
  2271   912   51.54
  2272  1185   50.72
  2273  3147   53.80
  2274  1203   53.28
  2275   582   53.09
  2276   885   50.51
  2277   600   47.67
  2278  1047   53.10
  2279  1863   54.27
  2280   900   54.22
  2281   243   55.14
  2282   597   56.28
  2283   912   51.86
  2284  1371   52.59
  2285   891   53.76
  2286   330   49.70
  2287   615   53.50
  2288  1992   52.96
  2289   948   50.95
  2290  1476   53.66
  2291   681   50.66
  2292   696   51.72
  2293  1701   52.97
  2294   861   52.50
  2295   390   54.10
  2296  1557   48.04
  2297   510   47.45
  2298   552   48.37
  2299   219   40.64
  2300   375   40.53
  2301  3150   53.97
  2302  1194   53.85
  2303   162   48.15
  2304   528   58.90
  2305   960   52.08
  2306  1677   55.46
  2307  1221   52.42
  2308   480   50.83
  2309   795   54.09
  2310  2505   58.28
  2311   456   57.46
  2312   918   52.83
  2313   891   55.33
  2314   810   54.32
  2315   627   52.79
  2316   408   49.51
  2317  1095   55.62
  2318   927   52.43
  2319   786   46.18
  2320  1236   51.38
  2321  1050   52.38
  2322  1068   56.46
  2323   510   59.02
  2324   723   54.50
  2325   495   47.88
  2326   522   53.07
  2327   234   53.85
  2328   867   54.33
  2329   633   36.65
  2330  1164   46.91
  2331   264   49.62
  2332  1017   54.67
  2333  1128   43.53
  2334   294   41.50
  2335   453   33.11
  2336   432   41.20
  2337   954   43.40
  2338   762   46.33
  2339   891   52.30
  2340  2973   55.06
  2341  2238   52.50
  2342  1443   52.04
  2343   684   53.80
  2344  1248   47.52
  2345   654   51.53
  2346   369   47.15
  2347   249   50.60
  2348  1119   51.92
  2349   630   47.46
  2350  2241   54.08
  2351   816   53.92
  2352   993   58.21
  2353  1005   61.00
  2354   957   55.07
  2355  1089   55.19
  2356   630   46.83
  2357  1221   47.58
  2358   903   38.65
  2359   807   46.10
  2360   429   49.88
  2361   411   54.74
  2362   807   51.18
  2363  1464   50.61
  2364   879   54.72
  2365   552   58.33
  2366  1533   56.36
  2367   924   57.47
  2368   297   55.89
  2369  1146   49.48
  2370  1386   50.94
  2371   384   48.44
  2372   966   53.42
  2373   801   47.07
  2374   576   47.40
  2375   264   46.21
  2376  1212   49.34
  2377  1089   57.30
  2378  1113   52.02
  2379  1902   52.52
  2380   468   58.33
  2381   210   53.33
  2382   612   51.14
  2383   642   50.00
  2384  1032   52.33
  2385   582   52.23
  2386  2583   53.35
  2387   984   46.85
  2388   555   42.70
  2389  1671   50.03
  2390   936   50.85
  2391   726   52.34
  2392   675   50.22
  2393   741   52.50
  2394   909   48.73
  2395  1017   54.67
  2396  1539   55.69
  2397   879   51.54
  2398   468   51.71
  2399  1080   54.26
  2400  1425   54.18
  2401  1665   52.13
  2402   753   52.99
  2403  1221   52.99
  2404  1149   51.78
  2405   801   48.81
  2406   447   47.87
  2407   531   48.96
  2408   363   53.99
  2409   765   50.85
  2410   363   42.42
  2411   318   38.36
  2412  1320   50.61
  2413  2199   49.34
  2414   678   56.64
  2415  2685   57.58
  2416   573   53.58
  2417  2049   56.22
  2418  1674   55.50
  2419  1482   52.43
  2420  1092   55.59
  2421  1089   45.09
  2422   729   47.74
  2423  2457   49.98
  2424   567   46.74
  2425  1284   50.70
  2426   723   48.13
  2427   942   53.08
  2428   381   50.39
  2429   753   51.00
  2430  1041   55.62
  2431  1149   52.92
  2432  1047   55.78
  2433  1017   54.38
  2434  1473   52.68
  2435   789   52.60
  2436   819   51.53
  2437  1017   44.54
  2438  1284   53.35
  2439   477   52.41
  2440  1290   56.28
  2441   909   51.38
  2442   957   52.35
  2443  1242   54.43
  2444   762   55.51
  2445  1107   52.30
  2446  1134   55.11
  2447  1752   55.65
  2448   999   57.06
  2449   684   54.24
  2450   483   50.31
  2451   261   50.57
  2452   267   52.06
  2453   714   52.94
  2454  2283   53.83
  2455   405   46.67
  2456  2361   52.90
  2457   723   53.94
  2458   660   53.48
  2459   747   48.73
  2460   504   49.01
  2461   888   53.49
  2462  1584   48.36
  2463   921   52.99
  2464  1266   55.61
  2465   816   46.69
  2466  2433   54.99
  2467   927   53.72
  2468   750   55.20
  2469  1236   56.39
  2470  1326   52.64
  2471   633   51.97
  2472   759   50.72
  2473   597   51.59
  2474   285   52.98
  2475   789   46.01
  2476  1209   54.92
  2477  1686   51.54
  2478   258   44.96
  2479   732   44.81
  2480   669   52.17
  2481   717   54.95
  2482   732   50.27
  2483   729   52.67
  2484   516   53.88
  2485  1050   53.90
  2486  1461   55.03
  2487  1002   56.19
  2488  1719   54.04
  2489   969   55.42
  2490  1659   54.73
  2491   948   48.21
  2492   696   52.30
  2493   993   49.95
  2494   225   48.44
  2495   219   48.40
  2496   705   54.04
  2497  1722   53.77
  2498  1767   53.65
  2499   966   53.62
  2500   627   46.25
  2501   909   46.64
  2502   741   50.34
  2503  2283   51.20
  2504   858   48.95
  2505  1770   51.47
  2506   780   52.18
  2507  1191   52.23
  2508  1089   47.75
  2509  1401   52.39
  2510  1203   51.21
  2511   768   55.60
  2512   837   54.96
  2513  1146   56.98
  2514  1002   52.40
  2515   576   54.17
  2516  1110   50.45
  2517   519   53.18
  2518  1761   51.79
  2519  1041   53.79
  2520   510   48.24
  2521  2163   52.20
  2522   447   48.32
  2523   468   52.14
  2524   663   50.68
  2525   369   53.39
  2526  1104   51.63
  2527   387   45.74
  2528   660   51.21
  2529  2181   50.53
  2530   459   52.07
  2531  1140   50.96
  2532  2097   51.98
  2533   747   52.34
  2534   645   47.60
  2535   324   55.56
  2536   213   46.95
  2537  1074   49.16
  2538  2715   53.81
  2539   693   52.38
  2540   306   54.25
  2541   921   52.88
  2542   228   46.93
  2543   597   53.94
  2544  1395   54.05
  2545   459   60.35
  2546   591   57.19
  2547   801   57.93
  2548   387   54.01
  2549   735   55.92
  2550  1149   55.09
  2551  3963   56.98
  2552   414   44.20
  2553  1326   46.68
  2554  2019   44.43
  2555  2424   47.32
  2556   867   55.13
  2557   309   50.16
  2558   834   50.12
  2559   417   42.45
  2560   390   43.08
  2561   651   41.78
  2562  1158   43.87
  2563   378   50.26
  2564    99   45.45
  2565  1227   52.49
  2566   921   52.99
  2567   576   47.40
  2568   567   51.15
  2569   141   37.59
  2570  1119   52.46
  2571   255   45.10
  2572   246   47.97
  2573  1047   53.10
  2574   561   46.88
  2575   648   49.07
  2576  1239   55.21
  2577   417   48.20
  2578   294   52.72
  2579   660   52.27
  2580  3186   55.65
  2581   624   48.88
  2582  2190   50.00
  2583   711   50.21
  2584   963   53.27
  2585  3447   54.77
  2586  1074   49.53
  2587   789   42.59
  2588   471   43.52
  2589  1047   50.81
  2590   795   50.19
  2591   828   50.85
  2592  1137   50.84
  2593  1131   53.85
  2594  1461   51.33
  2595   672   47.77
  2596  1371   52.30
  2597   642   57.17
  2598  1152   53.47
  2599   462   50.22
  2600   624   51.92
  2601   666   34.83
  2602   705   30.92
  2603  1128   44.77
  2604   246   44.31
  2605   312   54.17
  2606   285   48.07
  2607   675   44.44
  2608   603   47.76
  2609   540   45.37
  2610   324   33.95
  2611   405   36.79
  2612   732   48.77
  2613  1212   43.56
  2614   336   44.94
  2615   285   53.33
  2616   267   43.45
  2617   813   49.94
  2618   696   51.01
  2619   402   43.03
  2620   918   40.96
  2621   531   52.73
  2622  1542   52.85
  2623  1533   49.84
  2624  1611   53.26
  2625   915   53.01
  2626   735   50.75
  2627  1698   52.30
  2628  1422   50.21
  2629   633   53.55
  2630  1101   52.77
  2631  2868   49.79
  2632  1092   51.01
  2633   585   49.74
  2634  1653   54.99
  2635   948   52.53
  2636   852   53.40
  2637   624   51.44
  2638  1101   48.77
  2639   354   51.69
  2640   651   51.77
  2641  1797   53.37
  2642   102   64.71
  2643   843   47.21
  2644   459   46.41
  2645   414   46.62
  2646   591   53.30
  2647   231   64.50
  2648  2676   50.64
  2649   408   47.30
  2650  1461   51.68
  2651  1254   42.34
  2652   393   47.58
  2653   399   48.37
  2654   540   46.48
  2655   744   49.33
  2656   507   40.63
  2657   501   43.11
  2658   237   48.52
  2659   807   53.53
  2660  1194   54.69
  2661  1362   52.79
  2662  1596   56.39
  2663  1563   54.38
  2664    45   44.44
  2665   591   50.25
  2666   759   52.44
  2667   252   47.22
  2668   591   50.08
  2669   219   52.05
  2670   750   48.80
  2671  1986   48.49
  2672  1935   53.23
  2673  1206   51.08
  2674   789   53.23
  2675   354   49.72
  2676   807   51.18
  2677   993   51.36
  2678   891   56.90
  2679   966   51.45
  2680  1644   54.26
  2681   246   48.37
  2682  1440   53.19
  2683  1497   52.71
  2684   993   51.66
  2685   999   45.45
  2686   507   51.28
  2687   789   53.87
  2688   933   48.02
  2689  1032   43.22
  2690   951   50.58
  2691   753   51.66
  2692   516   53.10
  2693  1533   49.32
  2694  1446   52.56
  2695  1326   55.13
  2696  1293   47.18
  2697   936   48.61
  2698  1236   42.96
  2699   240   47.08
  2700   210   34.76
  2701   195   40.51
  2702   810   47.16
  2703  2601   49.40
  2704   276   39.13
  2705   234   41.03
  2706   180   50.00
  2707   477   41.93
  2708   981   55.45
  2709   591   44.67
  2710   267   33.71
  2711   507   47.34
  2712  1134   46.65
  2713  3525   53.25
  2714   423   46.81
  2715   990   50.10
  2716   906   48.57
  2717  2274   50.62
  2718  2046   54.20
  2719   906   55.08
  2720   411   50.85
  2721   606   51.98
  2722   252   46.03
  2723   405   52.59
  2724   168   51.19
  2725  1065   48.26
  2726   204   47.06
  2727   981   48.42
  2728  1437   52.61
  2729   231   48.92
  2730   198   49.49
  2731   450   51.78
  2732   519   53.18
  2733  2103   51.07
  2734  1551   51.45
  2735   618   50.97
  2736   894   52.01
  2737   681   52.72
  2738   696   56.32
  2739  1545   54.30
  2740  3741   55.04
  2741  1389   48.96
  2742   336   35.71
  2743   957   32.18
  2744   291   41.92
  2745   882   49.66
  2746   363   48.76
  2747  1041   52.16
  2748  1725   51.71
  2749   138   44.20
  2750   279   44.44
  2751   927   54.58
  2752   987   54.10
  2753   897   53.07
  2754  1023   54.94
  2755  1551   50.35
  2756   582   52.92
  2757  2424   50.25
  2758  1383   44.40
  2759  1320   52.35
  2760  1536   48.11
  2761  1401   53.32
  2762  2796   46.64
  2763  2373   45.98
  2764  1686   43.65
  2765  1173   38.87
  2766  1716   43.76
  2767   762   39.50
  2768   198   37.37
  2769  2280   50.31
  2770   915   44.70
  2771   504   44.84
  2772   531   44.82
  2773  1149   44.56
  2774   180   46.67
  2775  1323   48.07
  2776   267   44.57
  2777  1401   53.25
  2778  3978   49.32
  2779  1593   52.23
  2780   954   50.73
  2781   966   47.83
  2782  1452   51.93
  2783   948   50.42
  2784   360   52.78
  2785   927   52.00
  2786  1413   52.94
  2787   666   51.05
  2788   801   49.56
  2789   891   44.89
  2790   393   47.58
  2791  2046   49.95
  2792  1461   49.49
  2793  1284   46.96
  2794   576   48.26
  2795   963   52.65
  2796   570   53.68
  2797   177   29.94
  2798   192   45.31
  2799   213   40.38
  2800   498   45.78
  2801   534   50.56
  2802   312   43.59
  2803   291   46.74
  2804   216   35.19
  2805   783   48.28
  2806  1089   52.43
  2807   252   40.48
  2808   156   51.92
  2809   288   46.88
  2810   240   47.08
  2811   150   43.33
  2812   291   50.52
  2813   231   46.75
  2814  1020   44.90
  2815  1215   50.62
  2816   327   51.68
  2817   747   43.51
  2818   708   52.12
  2819  1221   52.25
  2820   894   52.68
  2821   330   51.52
  2822   366   42.35
  2823  1389   52.63
  2824  1533   52.45
  2825   336   47.32
  2826  1404   53.77
  2827  1647   51.55
  2828  1254   47.45
  2829  1374   51.82
  2830  1812   52.26
  2831   591   50.93
  2832   768   47.27
  2833  1029   53.94
  2834  1080   52.87
  2835   864   53.01
  2836  1275   51.53
  2837   657   51.90
  2838   249   46.18
  2839  1110   54.59
  2840   441   47.85
  2841   522   52.87
  2842   897   52.40
  2843   378   48.41
  2844   348   52.59
  2845  1170   53.33
  2846   933   53.70
  2847   642   47.51
  2848  1257   51.39
  2849   813   52.89
  2850   786   49.24
  2851   720   50.28
  2852   648   52.31
  2853  2103   47.98
  2854   627   49.44
  2855   210   46.67
  2856  1005   51.84
  2857   417   48.68
  2858  1221   54.87
  2859  1272   53.30
  2860   747   50.47
  2861  1527   51.60
  2862   369   53.39
  2863   270   44.44
  2864   411   51.58
  2865  3057   53.81
  2866   912   42.00
  2867  2379   54.64
  2868  1437   52.82
  2869   714   42.30
  2870   465   49.68
  2871   750   55.20
  2872   552   49.46
  2873   981   55.45
  2874   300   50.00
  2875  2388   54.36
  2876   984   53.86
  2877    45   35.56
  2878   357   48.18
  2879   198   50.00
  2880   543   48.62
  2881  1929   49.56
  2882   759   49.41
  2883   537   43.95
  2884   816   35.54
  2885   264   51.52
  2886   750   51.47
  2887  1353   46.78
  2888   843   41.52
  2889   351   49.86
  2890  1359   49.23
  2891   321   43.93
  2892   339   49.56
  2893   639   51.80
  2894   486   50.82
  2895   969   53.35
  2896  1344   55.58
  2897  1479   58.08
  2898  1035   56.04
  2899  1221   55.04
  2900   627   53.59
  2901   273   50.55
  2902  1164   40.55
  2903  1962   55.15
  2904  1044   54.98
  2905   552   55.98
  2906  1359   45.11
  2907   759   42.29
  2908   981   47.81
  2909   969   45.20
  2910   837   45.40
  2911  1044   46.74
  2912  1380   49.20
  2913  1077   49.77
  2914   318   43.71
  2915   414   48.31
  2916   855   50.53
  2917   747   52.21
  2918   153   45.75
  2919   822   49.88
  2920   255   52.55
  2921   249   46.18
  2922   183   45.90
  2923   360   48.33
  2924   639   45.23
  2925   945   51.96
  2926  1128   54.08
  2927  1686   51.19
  2928   582   53.61
  2929   696   55.60
  2930  1911   55.21
  2931   180   56.11
  2932  1557   53.89
  2933   810   51.36
  2934   210   46.67
  2935   144   42.36
  2936   288   43.40
  2937   144   46.53
  2938   792   49.75
  2939   882   53.51
  2940  2049   50.37
  2941   120   52.50
  2942   552   47.83
  2943   660   47.73
  2944   342   45.91
  2945   873   53.15
  2946   375   49.87
  2947  2061   49.83
  2948   660   52.73
  2949   369   48.78
  2950   291   49.48
  2951   642   56.23
  2952  1812   53.64
  2953  1476   51.69
  2954   972   51.54
  2955  1260   52.30
  2956   987   47.92
  2957  1011   52.72
  2958   612   53.27
  2959   522   55.94
  2960   741   52.23
  2961   453   52.54
  2962  1773   53.75
  2963  2448   51.27
  2964  1101   47.41
  2965   441   50.11
  2966   573   50.61
  2967   393   52.67
  2968  2079   54.88
  2969  1149   54.92
  2970   645   53.49
  2971   390   49.23
  2972  1050   54.29
  2973   861   54.24
  2974  1602   53.56
  2975  1662   52.77
  2976   504   51.98
  2977  1965   53.13
  2978   927   53.18
  2979   888   51.35
  2980   579   49.05
  2981   360   46.39
  2982   504   54.56
  2983   276   52.90
  2984  1425   49.19
  2985   801   50.56
  2986   261   49.04
  2987   705   51.91
  2988  1515   52.28
  2989   990   51.82
  2990   240   47.08
  2991   666   53.00
  2992   549   52.46
  2993  1767   51.90
  2994   657   49.77
  2995   723   46.75
  2996   753   54.32
  2997   669   52.77
  2998  1083   52.82
  2999   801   49.81
  3000   588   46.26
  3001   720   54.17
  3002  1497   47.49
  3003   414   57.00
  3004   192   31.77
  3005   321   37.38
  3006   351   31.62
  3007   315   53.97
  3008   189   51.32
  3009  1710   51.46
  3010   183   53.01
  3011   918   53.05
  3012   471   56.05
  3013  1419   52.15
  3014   696   54.45
  3015   384   49.74
  3016  1359   39.66
  3017   720   43.75
  3018   327   40.98
  3019   705   38.01
  3020  1644   48.30
  3021   951   48.26
  3022   918   48.15
  3023   933   49.62
  3024  1080   51.30
  3025   744   53.49
  3026   546   50.55
  3027  1017   54.67
  3028   906   55.08
  3029   411   50.61
  3030   396   46.97
  3031  1059   50.80
  3032   474   47.26
  3033  1173   49.28
  3034   228   50.44
  3035  1059   50.42
  3036  1365   52.67
  3037   951   50.68
  3038   825   51.88
  3039   279   47.31
  3040  1017   45.82
  3041  1167   43.79
  3042  1407   50.18
  3043  1017   54.67
  3044   474   35.44
  3045  1119   31.90
  3046   591   40.61
  3047   993   35.95
  3048  1167   32.31
  3049  1104   35.60
  3050  1248   35.42
  3051   558   38.71
  3052   882   42.74
  3053   900   46.56
  3054  1086   43.65
  3055   894   51.68
  3056  1395   47.10
  3057  1221   54.87
  3058  1281   54.33
  3059  1479   54.09
  3060  1395   54.62
  3061  1371   55.07
  3062  1437   55.18
  3063  1224   55.56
  3064   483   54.45
  3065   966   56.42
  3066  1122   54.81
  3067   549   47.91
  3068   747   45.52
  3069  1218   42.04
  3070  1218   53.61
  3071   489   53.99
  3072   840   51.55
  3073  2199   52.71
  3074   444   54.50
  3075  1140   53.77
  3076  1854   52.54
  3077   582   60.31
  3078   696   48.85
  3079   849   55.59
  3080  1947   50.85
  3081   762   52.23
  3082   660   51.06
  3083   219   50.68
  3084   147   46.26
  3085   267   47.94
  3086   378   36.51
  3087   447   43.85
  3088   339   49.56
  3089  1041   48.80
  3090  1356   51.18
  3091   285   41.75
  3092   453   42.60
  3093  1263   48.93
  3094   861   52.85
  3095  1125   51.11
  3096   747   51.41
  3097   828   47.83
  3098   801   55.43
  3099   789   54.12
  3100   273   48.35
  3101  1035   38.74
  3102  2481   45.51
  3103   720   39.31
  3104   543   40.52
  3105   282   43.97
  3106  1140   53.51
  3107   471   49.04
  3108   735   49.66
  3109  1686   50.59
  3110   732   57.51
  3111   927   55.12
  3112  1158   57.43
  3113   918   54.03
  3114  2298   54.22
  3115   942   50.64
  3116   612   53.59
  3117   762   55.12
  3118  1197   55.81
  3119   291   50.17
  3120   948   54.22
  3121  1011   50.25
  3122  1521   45.36
  3123   999   51.05
  3124  1041   52.45
  3125  1158   54.40
  3126   669   51.27
  3127  1992   52.76
  3128  1470   53.47
  3129   882   53.74
  3130  1251   50.44
  3131   942   52.02
  3132  1251   51.08
  3133   939   49.73
  3134   942   47.03
  3135  1692   55.73
  3136   939   53.46
  3137  1131   55.53
  3138   345   48.70
  3139  1191   53.32
  3140   696   52.87
  3141  1008   52.28
  3142  2511   48.35
  3143  1017   54.57
  3144  1053   54.04
  3145   558   54.48
  3146  1944   57.10
  3147   480   53.54
  3148   210   57.14
  3149   738   55.28
  3150   663   55.96
  3151   618   55.83
  3152   603   51.58
  3153   471   55.41
  3154   864   55.90
  3155   696   59.05
  3156  2487   56.13
  3157   264   54.55
  3158   495   55.35
  3159  1647   54.04
  3160  1644   53.41
  3161   651   52.69
  3162  1065   56.90
  3163  1056   53.41
  3164  1104   50.63
  3165  2802   51.00
  3166   777   52.51
  3167  1650   54.61
  3168   486   53.29
  3169  4014   53.99
  3170   651   51.92
  3171  1737   51.07
  3172  2628   54.00
  3173  3753   51.37
  3174   651   49.46
  3175  1077   45.59
  3176  1359   52.61
  3177   804   53.61
  3178  1329   52.45
  3179  1218   52.05
  3180   783   50.96
  3181  1203   54.20
  3182   564   53.01
  3183   603   43.28
  3184   297   45.79
  3185  1356   56.05
  3186   963   58.98
  3187   858   55.59
  3188   759   56.13
  3189  1671   58.11
  3190  1071   53.78
  3191   306   51.96
  3192   462   47.84
  3193  1728   47.22
  3194   717   39.05
  3195  1278   57.43
  3196  1530   54.71
  3197  1842   57.17
  3198   303   54.79
  3199   555   53.87
  3200   543   54.33
  3201   978   54.19
  3202  2733   56.35
  3203  1338   56.20
  3204   501   55.29
  3205  1803   55.74
  3206   663   51.73
  3207   444   53.38
  3208   939   49.73
  3209  1833   52.26
  3210   669   56.95
  3211   513   47.56
  3212   456   50.88
  3213   543   53.22
  3214   555   51.89
  3215   645   51.63
  3216   891   45.57
  3217   774   51.94
  3218   717   49.65
  3219   687   52.55
  3220   783   48.79
  3221   783   50.19
  3222   570   53.16
  3223  1518   52.90
  3224   489   49.08
  3225   636   57.55
  3226  1269   56.03
  3227   915   55.41
  3228   660   48.94
  3229   813   55.35
  3230  1014   54.93
  3231  1137   53.03
  3232  1179   56.57
  3233  1221   56.59
  3234   279   52.69
  3235   549   50.27
  3236   810   52.72
  3237   825   55.39
  3238  1086   56.72
  3239  1266   51.26
  3240   837   44.92
  3241   540   48.70
  3242   489   46.63
  3243   513   49.12
  3244   753   51.00
  3245   897   53.29
  3246  1737   51.01
  3247   564   46.10
  3248   486   53.29
  3249  2145   52.26
  3250  1311   55.84
  3251   309   51.13
  3252   756   51.85
  3253   441   45.58
  3254   519   49.52
  3255   309   52.43
  3256   495   54.34
  3257   369   56.10
  3258   936   48.08
  3259  1539   41.65
  3260  1164   41.92
  3261  1185   45.32
  3262   945   44.76
  3263  1695   46.61
  3264  1251   47.08
  3265   636   46.23
  3266   243   48.15
  3267  1239   54.96
  3268  2496   55.21
  3269  1038   58.29
  3270  1086   56.81
  3271  1248   54.33
  3272   327   51.38
  3273   966   51.55
  3274  1239   53.27
  3275  2307   48.85
  3276  1416   52.54
  3277   885   50.51
  3278  1257   48.05
  3279   834   51.68
  3280   927   53.94
  3281  2016   54.41
  3282   987   55.12
  3283   852   52.23
  3284   912   56.47
  3285  1098   58.65
  3286   450   57.11
  3287   834   56.24
  3288  1017   53.79
  3289   858   53.85
  3290   858   51.63
  3291   927   55.45
  3292   576   50.87
  3293   456   52.63
  3294   537   49.72
  3295  1053   53.37
  3296   507   58.19
  3297   660   56.36
  3298   888   56.64
  3299  1404   55.27
  3300  1404   59.12
  3301  1227   55.18
  3302  1215   58.68
  3303   837   58.66
  3304  1404   57.12
  3305   288   53.13
  3306   336   57.14
  3307  1017   58.21
  3308   804   58.58
  3309   702   55.98
  3310   480   49.79
  3311   408   48.77
  3312  2280   54.12
  3313  1044   54.60
  3314   576   48.61
  3315  1980   55.71
  3316   723   53.67
  3317  2016   55.26
  3318   864   53.59
  3319   714   52.24
  3320  1038   55.39
  3321   879   51.76
  3322  1062   54.14
  3323   747   53.15
  3324  1290   51.94
  3325   654   53.06
  3326  2244   46.61
  3327  1578   54.12
  3328  1467   54.67
  3329   252   47.22
  3330  1512   51.72
  3331  1179   53.27
  3332   621   49.76
  3333  1275   54.75
  3334  1119   53.26
  3335  1014   54.54
  3336  1155   52.99
  3337   432   52.31
  3338  2313   56.72
  3339  4962   52.96
  3340   786   47.07
  3341  1371   56.38
  3342   201   50.25
  3343   336   51.79
  3344  1851   57.70
  3345   516   52.33
  3346   324   51.54
  3347   387   50.13
  3348  1239   53.11
  3349   489   53.58
  3350   741   55.47
  3351  1140   56.49
  3352   891   49.83
  3353   873   55.21
  3354  1095   54.25
  3355   999   56.16
  3356  1512   56.08
  3357   984   46.14
  3358  3375   54.40
  3359  1254   53.35
  3360   339   51.03
  3361  1335   54.76
  3362   714   54.20
  3363  1491   52.98
  3364  3888   56.89
  3365   537   54.19
  3366   573   52.88
  3367   381   51.44
  3368   732   56.42
  3369   729   54.05
  3370   906   52.32
  3371   681   50.66
  3372   975   52.00
  3373  1800   53.72
  3374   480   54.79
  3375   957   50.78
  3376   651   52.23
  3377   576   48.78
  3378   858   51.63
  3379   927   48.65
  3380   384   47.92
  3381  1038   56.26
  3382  1299   48.73
  3383  2574   51.44
  3384   732   54.78
  3385   981   52.80
  3386  1122   52.32
  3387  1071   51.82
  3388   348   48.28
  3389   768   53.39
  3390   558   49.10
  3391   249   51.41
  3392  1362   54.19
  3393   594   50.34
  3394   309   50.49
  3395   477   47.17
  3396   957   36.78
  3397  2190   48.90
  3398  1617   48.67
  3399   264   45.45
  3400   315   41.59
  3401   519   53.76
  3402   201   51.74
  3403   117   54.70
  3404  4710   49.13
  3405   144   45.14
  3406   792   35.10
  3407   483   32.71
  3408   174   41.95
  3409   450   48.44
  3410   159   50.94
  3411   405   48.15
  3412   345   46.96
  3413   516   51.55
  3414  1557   51.32
  3415   429   49.42
  3416   567   53.44
  3417   186   49.46
  3418  2631   53.63
  3419   501   51.90
  3420  1062   54.14
  3421   498   56.63
  3422  1086   55.16
  3423  1590   55.72
  3424  2253   57.61
  3425   528   52.27
  3426  1014   53.16
  3427   471   53.93
  3428   411   52.80
  3429   768   56.38
  3430   543   55.62
  3431  1710   56.90
  3432   924   58.44
  3433  1827   58.18
  3434   612   57.35
  3435   462   50.22
  3436   354   50.56
  3437   798   51.38
  3438   993   52.06
  3439  1140   52.46
  3440   627   53.43
  3441   762   54.72
  3442  1050   52.19
  3443   480   53.75
  3444   711   55.41
  3445   312   51.92
  3446   324   48.15
  3447   606   52.48
  3448  1428   54.62
  3449   909   53.03
  3450   351   47.86
  3451   918   51.31
  3452   600   45.33
  3453   681   48.16
  3454  1092   43.50
  3455   483   46.38
  3456  1509   43.80
  3457  2667   44.69
  3458   735   50.75
  3459  1713   56.04
  3460  1800   56.06
  3461   894   55.48
  3462   786   55.73
  3463  1410   53.19
  3464   795   50.69
  3465   657   50.23
  3466   861   45.41
  3467   672   51.64
  3468  1299   50.35
  3469  1638   51.89
  3470   792   50.76
  3471   336   46.13
  3472   249   48.59
  3473  2235   53.78
  3474  1302   51.46
  3475  1341   53.24
  3476  1341   53.99
  3477  1353   52.25
  3478   450   52.67
  3479   783   54.02
  3480   330   52.42
  3481   546   47.80
  3482  1152   53.47
  3483   648   49.07
  3484  1101   52.23
  3485   396   54.55
  3486   918   49.13
  3487   231   46.32
  3488   807   54.65
  3489  1098   52.82
  3490  1344   52.68
  3491  1827   55.28
  3492  3543   54.56
  3493  2889   51.16
  3494  3369   53.61
  3495   324   54.94
  3496   366   52.19
  3497   564   52.30
  3498   471   54.14
  3499   795   51.07
  3500   876   52.85
  3501  2247   53.89
  3502   531   49.34
  3503  1194   55.53
  3504  2160   52.64
  3505  1263   53.05
  3506   693   50.94
  3507  1419   51.16
  3508   762   51.97
  3509   837   49.58
  3510  1185   53.59
  3511   438   33.11
  3512   447   35.57
  3513   156   36.54
  3514   432   31.71
  3515   222   28.83
  3516   426   35.92
  3517   906   55.08
  3518   366   53.01
  3519   300   38.33
  3520   837   42.17
  3521   780   50.26
  3522  1779   45.76
  3523  1626   52.21
  3524   708   50.99
  3525   492   54.88
  3526  1935   52.76
  3527  1518   53.10
  3528  1099   53.50
  3529  1734   56.63
  3530   711   48.38
  3531   897   53.07
  3532   408   53.43
  3533   267   49.44
  3534   660   51.97
  3535   312   43.59
  3536   744   54.97
  3537  2874   55.95
  3538   390   52.56
  3539  1095   54.61
  3540  1203   54.95
  3541  1179   59.54
  3542  1326   53.54
  3543   585   51.11
  3544  1233   52.96
  3545   660   51.82
  3546   231   54.98
  3547   912   45.18
  3548   741   52.63
  3549   636   50.79
  3550   861   49.94
  3551  1080   51.11
  3552  1164   52.32
  3553  1020   51.47
  3554   714   50.28
  3555   510   48.04
  3556   966   56.63
  3557   990   52.63
  3558   357   45.66
  3559  1389   49.82
  3560   444   42.34
  3561  1992   55.67
  3562   921   54.61
  3563  1977   54.27
  3564   147   39.46
  3565   252   42.86
  3566  1026   54.97
  3567  1008   44.54
  3568  1047   52.63
  3569   720   52.50
  3570   357   47.90
  3571   720   52.64
  3572  2196   52.23
  3573   537   53.26
  3574   861   57.26
  3575   867   51.21
  3576   411   44.04
  3577   933   51.98
  3578  2547   52.38
  3579  2028   51.63
  3580  1683   53.48
  3581  2172   53.45
  3582   405   54.57
  3583  2286   56.52
  3584  1500   56.67
  3585  1173   50.38
  3586   978   53.27
  3587   759   53.49
  3588   714   50.28
  3589  1500   51.93
  3590  1860   52.47
  3591   249   52.21
  3592   342   54.97
  3593   489   54.40
  3594   495   54.75
  3595  1704   52.93
  3596  1179   54.11
  3597   987   54.51
  3598  1119   54.33
  3599   288   45.49
  3600   411   52.07
  3601   426   52.82
  3602   495   47.47
  3603   426   50.23
  3604   735   53.06
  3605   156   41.03
  3606  1128   50.27
  3607  1242   53.30
  3608   978   56.13
  3609  1413   56.40
  3610   738   49.46
  3611  2259   54.67
  3612  1608   52.30
  3613   396   42.17
  3614   297   40.07
  3615   483   53.21
  3616   393   51.91
  3617   333   34.23
  3618  1893   53.57
  3619   582   53.78
  3620   828   56.52
  3621   423   48.23
  3622   630   50.79
  3623   816   53.55
  3624   654   51.83
  3625   201   45.27
  3626  1434   55.72
  3627  2841   55.97
  3628  1302   55.38
  3629   822   52.43
  3630   372   51.08
  3631   933   49.62
  3632  1014   57.69
  3633   507   53.65
  3634   765   56.34
  3635  1521   54.77
  3636   333   52.55
  3637   417   48.44
  3638   315   38.41
  3639  1167   53.56
  3640   552   49.64
  3641  1488   53.70
  3642  1413   54.28
  3643   897   55.30
  3644   567   57.14
  3645   564   58.33
  3646  1278   50.47
  3647   828   55.92
  3648   423   49.41
  3649   453   52.54
  3650  2241   53.15
  3651  1221   48.16
  3652  1332   49.85
  3653   990   46.36
  3654   939   42.17
  3655  1227   53.87
  3656   900   52.56
  3657   771   52.92
  3658  1335   51.31
  3659   810   52.22
  3660   861   54.59
  3661  1041   57.73
  3662   681   54.77
  3663   444   53.83
  3664   504   55.56
  3665   525   51.81
  3666  1245   53.09
  3667  1941   55.23
  3668   885   48.25
  3669  2205   53.70
  3670   270   51.85
  3671   945   52.49
  3672   402   52.99
  3673  2673   53.42
  3674  1488   52.76
  3675   459   49.02
  3676  1644   43.07
  3677   333   49.55
  3678  1338   54.41
  3679   894   51.12
  3680  1935   53.59
  3681   630   50.48
  3682   462   48.48
  3683  1173   53.20
  3684   966   53.00
  3685   258   50.00
  3686   312   48.40
  3687  1260   53.33
  3688   270   50.00
  3689   390   51.79
  3690   636   52.36
  3691   552   49.82
  3692   783   55.17
  3693   810   54.57
  3694   729   51.99
  3695   663   52.49
  3696  2331   50.54
  3697   930   56.02
  3698  1017   54.67
  3699   465   47.31
  3700   909   58.20
  3701   690   58.26
  3702  1521   55.36
  3703   894   52.01
  3704   792   52.27
  3705   498   55.22
  3706   639   53.68
  3707   393   52.42
  3708   429   50.58
  3709  1128   51.77
  3710   939   52.29
  3711   273   42.86
  3712  1968   52.59
  3713   933   53.59
  3714   273   47.62
  3715  1446   54.56
  3716  2961   52.41
  3717   849   56.42
  3718  1488   51.95
  3719   594   53.70
  3720   489   51.33
  3721  1104   55.98
  3722  1104   53.80
  3723  1941   50.70
  3724   102   46.08
  3725   663   44.19
  3726   258   49.22
  3727   819   48.96
  3728   573   52.18
  3729   510   50.00
  3730   474   45.99
  3731   309   50.16
  3732   762   51.31
  3733   426   48.83
  3734   369   47.97
  3735   384   53.65
  3736   990   52.22
  3737   621   50.72
  3738   390   51.54
  3739   357   51.82
  3740   117   47.86
  3741  1332   49.70
  3742   435   53.56
  3743   180   50.00
  3744   504   50.20
  3745   354   53.67
  3746   534   52.06
  3747   393   50.13
  3748   306   52.61
  3749   540   49.81
  3750   315   46.03
  3751   372   51.08
  3752   255   47.45
  3753   192   54.17
  3754   411   51.82
  3755   702   51.00
  3756   333   49.85
  3757   279   48.75
  3758   822   52.68
  3759   303   48.18
  3760   606   52.97
  3761   630   51.43
  3762   312   55.45
  3763   420   45.95
  3764  1470   48.98
  3765   477   43.19
  3766   195   46.15
  3767  2694   50.37
  3768  1185   53.25
  3769  2115   50.83
  3770   540   50.19
  3771   375   53.33
  3772   288   50.35
  3773   360   50.28
  3774   387   55.30
  3775   735   46.94
  3776   813   48.22
  3777   591   55.33
  3778  1806   54.76
  3779   555   56.58
  3780   405   51.60
  3781  1221   54.55
  3782   564   53.37
  3783   603   53.07
  3784   168   51.19
  3785   573   51.13
  3786  1086   56.91
  3787  1305   53.03
  3788   393   46.56
  3789   879   53.01
  3790  1227   54.12
  3791  1164   54.55
  3792   405   50.86
  3793   687   52.69
  3794  1005   52.04
  3795   759   52.83
  3796   678   51.03
  3797   837   49.58
  3798  1287   54.55
  3799  1089   54.18
  3800   723   48.55
  3801  1239   54.48
  3802   444   52.25
  3803   441   54.65
  3804   540   55.37
  3805   807   57.37
  3806   561   50.80
  3807  1725   50.09
  3808  1353   57.06
  3809   720   55.14
  3810   771   56.16
  3811  2085   55.16
  3812  2394   52.34
  3813   606   56.11
  3814   441   64.40
  3815  1227   50.94
  3816   759   54.68
  3817   831   54.15
  3818   327   53.52
  3819   294   45.24
  3820  2448   50.98
  3821  1434   54.95
  3822  1296   52.62
  3823  1974   54.36
  3824  2187   53.27
  3825  1104   54.17
  3826   336   54.46
  3827   999   54.95
  3828   489   50.10
  3829   942   55.10
  3830   696   52.30
  3831  1038   50.77
  3832  1743   55.02
  3833   744   56.45
  3834  1110   57.66
  3835   846   54.37
  3836   888   55.86
  3837  1317   53.68
  3838   726   56.61
  3839   768   55.21
  3840  1278   56.57
  3841   927   56.20
  3842  1110   54.14
  3843  1161   53.83
  3844   855   54.15
  3845  1059   53.07
  3846   669   56.35
  3847  1494   53.48
  3848   360   51.11
  3849   246   53.66
  3850  1260   56.03
  3851  1128   54.61
  3852  2685   56.54
  3853  1068   58.24
  3854  1623   37.46
  3855   372   35.48
  3856  1239   34.71
  3857  1203   55.11
  3858   336   47.02
  3859   753   58.17
  3860  2043   54.72
  3861  1017   54.67
  3862   648   45.52
  3863   339   39.82
  3864   333   42.94
  3865   729   41.84
  3866   825   40.97
  3867  1401   53.96
  3868  1398   48.43
  3869   603   47.76
  3870  2076   53.23
  3871   771   52.66
  3872  1497   53.44
  3873  1287   51.67
  3874  1956   52.61
  3875  3501   57.10
  3876  1107   54.74
  3877  2340   54.91
  3878  2667   55.42
  3879   729   53.64
  3880   189   46.03
  3881  1005   56.12
  3882   984   56.71
  3883   903   59.03
  3884  1020   56.47
  3885  1608   51.55
  3886  1725   50.32
  3887  1209   51.20
  3888   705   50.07
  3889  2220   54.19
  3890   831   49.82
  3891  2070   55.41
  3892   912   56.14
  3893   441   41.27
  3894   354   41.53
  3895  1455   54.78
  3896  1323   50.87
  3897   825   48.24
  3898   474   53.59
  3899   849   52.18
  3900   741   48.72
  3901  1137   50.66
  3902   324   46.60
  3903  1629   54.57
  3904  1149   50.48
  3905  1845   56.37
  3906  1392   56.03
  3907   609   52.71
  3908  1137   52.68
  3909   363   51.52
  3910   822   53.53
  3911  1020   56.76
  3912   468   50.85
  3913   252   52.38
  3914   432   49.54
  3915  1035   45.99
  3916  1026   51.46
  3917  1197   54.22
  3918   873   36.88
  3919  1074   31.01
  3920   852   32.51
  3921   699   35.34
  3922  1017   33.82
  3923  1020   36.18
  3924  1110   39.37
  3925   936   26.82
  3926   798   43.36
  3927  1125   44.80
  3928  1035   44.64
  3929   810   53.83
  3930   168   40.48
  3931   237   53.16
  3932   675   48.00
  3933   642   53.12
  3934   687   56.19
  3935  1689   52.58
  3936  1206   53.65
  3937  2319   52.05
  3938  1440   49.17
  3939   819   47.37
  3940  1356   52.21
  3941   480   52.29
  3942  1413   47.49
  3943  1392   52.87
  3944  1323   54.95
  3945  1506   57.10
  3946   591   58.88
  3947   291   48.45
  3948  1689   56.31
  3949    99   58.59
  3950   498   53.61
  3951   363   50.41
  3952   348   52.01
  3953  1494   52.01
  3954  1716   53.50
  3955   639   53.21
  3956   486   50.62
  3957  1368   51.39
  3958  1686   52.67
  3959   435   48.74
  3960   414   47.10
  3961  1251   55.16
  3962  1338   52.99
  3963  1764   55.22
  3964   879   54.15
  3965   297   55.22
  3966   387   55.30
  3967   813   51.05
  3968   408   50.74
  3969  2415   54.99
  3970  1074   55.03
  3971  1101   54.22
  3972  1404   54.06
  3973  1338   53.74
  3974   642   50.16
  3975  1203   49.54
  3976  1617   45.15
  3977  1413   48.55
  3978  1878   51.17
  3979   837   42.89
  3980   726   52.62
  3981   774   52.33
  3982   891   56.23
  3983   960   54.69
  3984  1041   51.49
  3985  1830   53.55
  3986  1371   52.66
  3987   420   55.24
  3988  1383   54.74
  3989   864   53.47
  3990  1542   53.37
  3991   534   51.87
  3992   471   52.87
  3993   240   54.17
  3994   816   50.25
  3995   393   51.91
  3996   624   48.72
  3997  1890   54.39
  3998   444   50.00
  3999   459   49.46
  4000  1284   52.49
  4001  1521   49.64
  4002  1428   49.09
  4003   546   49.45
  4004   597   47.74
  4005   402   50.50
  4006  1551   50.81
  4007   894   57.61
  4008   282   51.77
  4009   276   42.75
  4010   261   42.15
  4011  1485   53.67
  4012  1266   52.53
  4013  1656   53.20
  4014  1197   54.97
  4015  1182   53.38
  4016   741   52.90
  4017   963   55.76
  4018   321   53.89
  4019   300   45.00
  4020   486   49.79
  4021   381   34.91
  4022   417   33.33
  4023   903   50.50
  4024   486   52.47
  4025   417   50.84
  4026   954   56.29
  4027   999   55.86
  4028   489   49.69
  4029  1164   57.73
  4030  2190   55.21
  4031   513   48.73
  4032   585   50.09
  4033   933   45.12
  4034   600   53.00
  4035  1410   56.95
  4036  1050   55.24
  4037  1410   52.91
  4038   693   40.84
  4039  1464   45.29
  4040  1407   52.38
  4041  2037   53.51
  4042   927   48.22
  4043  1257   53.06
  4044   879   53.81
  4045   897   55.30
  4046   930   54.62
  4047   636   52.52
  4048   903   55.48
  4049  3051   55.10
  4050  1749   50.03
  4051  1071   52.57
  4052  1458   56.04
  4053   447   50.11
  4054   315   50.79
  4055   825   55.76
  4056  1260   56.11
  4057  1470   54.76
  4058  1035   51.69
  4059  1374   54.59
  4060   699   51.36
  4061   768   52.60
  4062   600   49.17
  4063   747   53.55
  4064  1011   56.78
  4065  1509   54.08
  4066   846   50.95
  4067   486   52.26
  4068   927   53.40
  4069  1332   52.63
  4070   531   52.73
  4071   960   57.40
  4072  1026   52.05
  4073  2199   57.48
  4074   609   52.38
  4075   318   51.89
  4076   618   52.59
  4077  1143   54.33
  4078   663   53.39
  4079  2136   55.43
  4080   852   53.05
  4081  1734   50.00
  4082  2652   55.66
  4083  1152   51.74
  4084  1335   51.54
  4085  1101   50.86
  4086   951   44.06
  4087   156   39.74
  4088  1134   55.03
  4089   846   58.04
  4090   738   57.99
  4091   636   58.02
  4092  1896   55.75
  4093   477   49.06
  4094   567   51.68
  4095  1290   58.22
  4096  1590   56.29
  4097   444   54.50
  4098  2187   37.63
  4099   864   53.24
  4100   690   54.35
  4101   273   49.45
  4102  1350   53.85
  4103  1476   49.59
  4104   891   54.55
  4105  1545   53.27
  4106  1191   51.05
  4107  2484   54.83
  4108   576   51.56
  4109   984   53.05
  4110  2823   56.08
  4111   351   53.56
  4112   324   50.93
  4113  1293   32.95
  4114  1650   55.76
  4115   315   49.21
  4116  1959   56.87
  4117   690   49.71
  4118  2148   54.38
  4119  1467   55.76
  4120  1911   54.11
  4121  1032   55.91
  4122  1998   52.75
  4123   930   54.95
  4124   696   49.14
  4125   981   52.50
  4126  1533   47.95
  4127   936   48.50
  4128   924   47.51
  4129   408   53.19
  4130   759   59.29
  4131   435   57.93
  4132   558   60.22
  4133  1137   61.30
  4134   681   60.21
  4135   759   61.40
  4136   846   58.27
  4137  1065   62.63
  4138   585   60.85
  4139   453   62.69
  4140   726   61.85
  4141   222   58.11
  4142   621   63.45
  4143  1017   55.46
  4144   789   58.56
  4145   444   51.58
  4146   336   46.43
  4147  1092   54.21
  4148   669   53.21
  4149  1674   49.46
  4150  1338   53.74
  4151   762   41.34
  4152  2271   52.66
  4153   909   50.28
  4154   630   54.92
  4155  1647   54.64
  4156  1341   52.27
  4157   720   49.31
  4158  1632   49.94
  4159  1518   47.43
  4160  1458   51.10
  4161  2148   47.58
  4162  1335   49.44
  4163  1539   41.98
  4164   600   53.00
  4165  1698   54.42
  4166   339   50.15
  4167  1302   52.61
  4168  1482   48.85
  4169  1257   52.27
  4170   870   45.17
  4171  1029   52.67
  4172   534   53.37
  4173  1134   50.18
  4174   360   54.44
  4175   396   49.24
  4176   735   53.61
  4177  1809   56.38
  4178  3324   55.75
  4179   969   53.46
  4180  1014   54.14
  4181  1140   52.63
  4182   303   51.16
  4183   429   47.09
  4184   756   50.66
  4185  1071   52.29
  4186   276   46.01
  4187   795   42.39
  4188   675   55.56
  4189   663   53.09
  4190   975   55.49
  4191   861   54.24
  4192  1944   49.49
  4193   555   52.43
  4194  1344   50.74
  4195   639   54.46
  4196   270   52.22
  4197   531   51.22
  4198   999   51.45
  4199   552   52.90
  4200   465   50.97
  4201  2139   53.53
  4202  1656   53.08
  4203  1422   54.36
  4204   948   53.80
  4205   426   51.64
  4206   462   48.48
  4207   936   53.74
  4208   135   50.37
  4209   396   47.22
  4210   714   54.34
  4211  1005   52.14
  4212   294   52.04
  4213  2856   54.59
  4214   444   54.05
  4215  1512   55.29
  4216  1503   53.76
  4217   999   47.05
  4218  1320   50.61
  4219   765   49.41
  4220  1032   47.38
  4221  1062   55.08
  4222   447   48.99
  4223   450   50.22
  4224  1329   54.18
  4225   375   50.40
  4226  1152   45.83
  4227   768   54.04
  4228   957   59.77
  4229   999   60.66
  4230   909   57.54
  4231  2325   58.54
  4232   954   59.01
  4233   522   54.60
  4234   801   50.81
  4235  1350   49.04
  4236  1968   54.52
  4237   960   52.08
  4238   789   40.81
  4239   783   49.68
  4240   633   55.45
  4241   432   54.40
  4242   807   53.28
  4243  1314   51.75
  4244  1152   52.17
  4245   747   59.57
  4246   546   55.31
  4247   981   48.73
  4248  1215   43.95
  4249   726   42.70
  4250  1344   53.05
  4251   831   40.19
  4252   912   51.32
  4253  1173   56.61
  4254   462   53.25
  4255   696   52.87
  4256  1179   53.52
  4257   972   42.80
  4258   774   56.59
  4259  1173   53.54
  4260  1281   52.62
  4261  1233   53.77
  4262  1413   55.06
  4263  1047   37.44
  4264  1398   40.34
  4265   399   54.64
  4266  1395   40.43
  4267  1590   54.84
  4268  3567   53.71
  4269   855   55.20
  4270   204   50.49
  4271  2166   55.96
  4272  1362   51.98
  4273   807   47.21
  4274  2253   52.11
  4275   498   50.40
  4276   738   50.54
  4277   540   57.04
  4278   327   48.01
  4279   834   50.72
  4280   789   53.11
  4281  1032   55.72
  4282   864   56.37
  4283  1551   53.13
  4284  1017   57.82
  4285   645   55.66
  4286  1668   54.74
  4287   522   55.75
  4288   870   53.22
  4289   717   51.05